0.000 1.534
0.100 1.546
0.200 1.558
0.300 1.569
0.400 1.579
0.500 1.589
0.600 1.598
0.700 1.607
0.800 1.615
0.900 1.622
1.000 1.628
1.100 1.634
1.200 1.639
1.300 1.643
1.400 1.646
1.500 1.649
1.600 1.650
1.700 1.651
1.800 1.651
1.900 1.650
2.000 1.648
2.100 1.645
2.200 1.641
2.300 1.637
2.400 1.631
2.500 1.625
2.600 1.617
2.700 1.609
2.800 1.600
2.900 1.590
3.000 1.579
3.100 1.567
3.200 1.554
3.300 1.541
3.400 1.526
3.500 1.511
3.600 1.495
3.700 1.478
3.800 1.461
3.900 1.442
4.000 1.423
4.100 1.404
4.200 1.383
4.300 1.362
4.400 1.341
4.500 1.318
4.600 1.296
4.700 1.272
4.800 1.249
4.900 1.225
5.000 1.200
5.100 1.175
5.200 1.150
5.300 1.124
5.400 1.098
5.500 1.072
5.600 1.046
5.700 1.019
5.800 0.993
5.900 0.966
6.000 0.939
6.100 0.912
6.200 0.885
6.300 0.859
6.400 0.832
6.500 0.806
6.600 0.779
6.700 0.753
6.800 0.727
6.900 0.701
7.000 0.676
7.100 0.651
7.200 0.626
7.300 0.601
7.400 0.577
7.500 0.554
7.600 0.530
7.700 0.508
7.800 0.485
7.900 0.464
8.000 0.442
8.100 0.421
8.200 0.401
8.300 0.382
8.400 0.363
8.500 0.344
8.600 0.326
8.700 0.309
8.800 0.292
8.900 0.276
9.000 0.261
9.100 0.246
9.200 0.232
9.300 0.218
9.400 0.206
9.500 0.193
9.600 0.182
9.700 0.171
9.800 0.160
9.900 0.151
10.000 0.141
10.100 0.133
10.200 0.125
10.300 0.117
10.400 0.111
10.500 0.104
10.600 0.099
10.700 0.094
10.800 0.089
10.900 0.085
11.000 0.081
11.100 0.078
11.200 0.075
11.300 0.073
11.400 0.071
11.500 0.070
11.600 0.069
11.700 0.068
11.800 0.068
11.900 0.068
12.000 0.068
12.100 0.069
12.200 0.070
12.300 0.071
12.400 0.073
12.500 0.075
12.600 0.077
12.700 0.080
12.800 0.082
12.900 0.085
13.000 0.088
13.100 0.091
13.200 0.094
13.300 0.098
13.400 0.102
13.500 0.105
13.600 0.109
13.700 0.113
13.800 0.117
13.900 0.121
14.000 0.126
14.100 0.130
14.200 0.134
14.300 0.139
14.400 0.143
14.500 0.148
14.600 0.153
14.700 0.157
14.800 0.162
14.900 0.167
15.000 0.172
15.100 0.176
15.200 0.181
15.300 0.186
15.400 0.191
15.500 0.195
15.600 0.200
15.700 0.205
15.800 0.210
15.900 0.215
16.000 0.220
16.100 0.224
16.200 0.229
16.300 0.234
16.400 0.239
16.500 0.244
16.600 0.248
16.700 0.253
16.800 0.258
16.900 0.263
17.000 0.267
17.100 0.272
17.200 0.277
17.300 0.281
17.400 0.286
17.500 0.290
17.600 0.295
17.700 0.299
17.800 0.304
17.900 0.308
18.000 0.312
18.100 0.316
18.200 0.320
18.300 0.324
18.400 0.328
18.500 0.332
18.600 0.336
18.700 0.340
18.800 0.343
18.900 0.347
19.000 0.350
19.100 0.353
19.200 0.357
19.300 0.360
19.400 0.362
19.500 0.365
19.600 0.368
19.700 0.370
19.800 0.372
19.900 0.374
20.000 0.376
20.100 0.377
20.200 0.379
20.300 0.380
20.400 0.381
20.500 0.382
20.600 0.383
20.700 0.383
20.800 0.383
20.900 0.383
21.000 0.383
21.100 0.382
21.200 0.381
21.300 0.380
21.400 0.379
21.500 0.377
21.600 0.376
21.700 0.374
21.800 0.372
21.900 0.369
22.000 0.366
22.100 0.363
22.200 0.360
22.300 0.357
22.400 0.353
22.500 0.350
22.600 0.346
22.700 0.341
22.800 0.337
22.900 0.333
23.000 0.328
23.100 0.323
23.200 0.318
23.300 0.313
23.400 0.308
23.500 0.302
23.600 0.297
23.700 0.292
23.800 0.286
23.900 0.280
24.000 0.275
24.100 0.269
24.200 0.263
24.300 0.258
24.400 0.252
24.500 0.247
24.600 0.241
24.700 0.236
24.800 0.230
24.900 0.225
25.000 0.220
25.100 0.215
25.200 0.210
25.300 0.206
25.400 0.201
25.500 0.197
25.600 0.193
25.700 0.189
25.800 0.186
25.900 0.183
26.000 0.180
26.100 0.177
26.200 0.175
26.300 0.173
26.400 0.171
26.500 0.170
26.600 0.169
26.700 0.168
26.800 0.168
26.900 0.168
27.000 0.168
27.100 0.169
27.200 0.170
27.300 0.171
27.400 0.173
27.500 0.176
27.600 0.178
27.700 0.181
27.800 0.185
27.900 0.189
28.000 0.193
28.100 0.197
28.200 0.202
28.300 0.207
28.400 0.213
28.500 0.219
28.600 0.225
28.700 0.231
28.800 0.238
28.900 0.245
29.000 0.252
29.100 0.260
29.200 0.268
29.300 0.276
29.400 0.284
29.500 0.292
29.600 0.300
29.700 0.309
29.800 0.318
29.900 0.326
30.000 0.335
30.100 0.344
30.200 0.353
30.300 0.362
30.400 0.371
30.500 0.380
30.600 0.389
30.700 0.397
30.800 0.406
30.900 0.415
31.000 0.423
31.100 0.431
31.200 0.439
31.300 0.447
31.400 0.455
31.500 0.462
31.600 0.469
31.700 0.476
31.800 0.483
31.900 0.489
32.000 0.495
32.100 0.500
32.200 0.506
32.300 0.511
32.400 0.515
32.500 0.519
32.600 0.523
32.700 0.526
32.800 0.529
32.900 0.531
33.000 0.533
33.100 0.535
33.200 0.536
33.300 0.537
33.400 0.537
33.500 0.537
33.600 0.537
33.700 0.536
33.800 0.534
33.900 0.532
34.000 0.530
34.100 0.527
34.200 0.524
34.300 0.521
34.400 0.517
34.500 0.513
34.600 0.508
34.700 0.503
34.800 0.498
34.900 0.492
35.000 0.486
35.100 0.480
35.200 0.473
35.300 0.466
35.400 0.459
35.500 0.452
35.600 0.444
35.700 0.437
35.800 0.429
35.900 0.421
36.000 0.413
36.100 0.404
36.200 0.396
36.300 0.387
36.400 0.379
36.500 0.370
36.600 0.362
36.700 0.353
36.800 0.344
36.900 0.336
37.000 0.327
37.100 0.319
37.200 0.310
37.300 0.302
37.400 0.294
37.500 0.286
37.600 0.278
37.700 0.270
37.800 0.262
37.900 0.255
38.000 0.248
38.100 0.241
38.200 0.234
38.300 0.227
38.400 0.221
38.500 0.215
38.600 0.209
38.700 0.203
38.800 0.198
38.900 0.193
39.000 0.188
39.100 0.183
39.200 0.179
39.300 0.175
39.400 0.171
39.500 0.167
39.600 0.164
39.700 0.161
39.800 0.159
39.900 0.156
40.000 0.154
40.100 0.152
40.200 0.150
40.300 0.149
40.400 0.148
40.500 0.147
40.600 0.146
40.700 0.145
40.800 0.145
40.900 0.145
41.000 0.145
41.100 0.145
41.200 0.145
41.300 0.146
41.400 0.147
41.500 0.147
41.600 0.148
41.700 0.149
41.800 0.150
41.900 0.152
42.000 0.153
42.100 0.154
42.200 0.156
42.300 0.157
42.400 0.159
42.500 0.160
42.600 0.162
42.700 0.163
42.800 0.165
42.900 0.167
43.000 0.168
43.100 0.170
43.200 0.171
43.300 0.173
43.400 0.174
43.500 0.176
43.600 0.177
43.700 0.179
43.800 0.180
43.900 0.181
44.000 0.182
44.100 0.183
44.200 0.184
44.300 0.185
44.400 0.186
44.500 0.187
44.600 0.188
44.700 0.189
44.800 0.189
44.900 0.190
45.000 0.190
45.100 0.191
45.200 0.191
45.300 0.191
45.400 0.192
45.500 0.192
45.600 0.192
45.700 0.192
45.800 0.192
45.900 0.192
46.000 0.192
46.100 0.192
46.200 0.192
46.300 0.192
46.400 0.192
46.500 0.192
46.600 0.192
46.700 0.192
46.800 0.192
46.900 0.192
47.000 0.192
47.100 0.192
47.200 0.192
47.300 0.193
47.400 0.193
47.500 0.193
47.600 0.193
47.700 0.193
47.800 0.194
47.900 0.194
48.000 0.194
48.100 0.195
48.200 0.195
48.300 0.196
48.400 0.196
48.500 0.197
48.600 0.198
48.700 0.199
48.800 0.199
48.900 0.200
49.000 0.201
49.100 0.202
49.200 0.203
49.300 0.204
49.400 0.205
49.500 0.206
49.600 0.207
49.700 0.208
49.800 0.209
49.900 0.210
50.000 0.211
50.100 0.213
50.200 0.214
50.300 0.215
50.400 0.216
50.500 0.217
50.600 0.218
50.700 0.219
50.800 0.219
50.900 0.220
51.000 0.221
51.100 0.222
51.200 0.222
51.300 0.223
51.400 0.223
51.500 0.223
51.600 0.224
51.700 0.224
51.800 0.224
51.900 0.223
52.000 0.223
52.100 0.223
52.200 0.222
52.300 0.221
52.400 0.220
52.500 0.219
52.600 0.218
52.700 0.217
52.800 0.215
52.900 0.213
53.000 0.212
53.100 0.209
53.200 0.207
53.300 0.205
53.400 0.202
53.500 0.200
53.600 0.197
53.700 0.194
53.800 0.190
53.900 0.187
54.000 0.184
54.100 0.180
54.200 0.176
54.300 0.172
54.400 0.168
54.500 0.164
54.600 0.159
54.700 0.155
54.800 0.150
54.900 0.145
55.000 0.140
55.100 0.136
55.200 0.130
55.300 0.125
55.400 0.120
55.500 0.115
55.600 0.110
55.700 0.104
55.800 0.099
55.900 0.093
56.000 0.088
56.100 0.082
56.200 0.077
56.300 0.071
56.400 0.066
56.500 0.060
56.600 0.055
56.700 0.049
56.800 0.044
56.900 0.038
57.000 0.033
57.100 0.028
57.200 0.022
57.300 0.017
57.400 0.012
57.500 0.007
57.600 0.002
57.700 -0.003
57.800 -0.008
57.900 -0.013
58.000 -0.017
58.100 -0.022
58.200 -0.027
58.300 -0.031
58.400 -0.036
58.500 -0.040
58.600 -0.044
58.700 -0.048
58.800 -0.052
58.900 -0.056
59.000 -0.060
59.100 -0.064
59.200 -0.068
59.300 -0.072
59.400 -0.076
59.500 -0.080
59.600 -0.083
59.700 -0.087
59.800 -0.091
59.900 -0.094
60.000 -0.098
60.100 -0.102
60.200 -0.106
60.300 -0.109
60.400 -0.113
60.500 -0.117
60.600 -0.121
60.700 -0.125
60.800 -0.129
60.900 -0.133
61.000 -0.138
61.100 -0.142
61.200 -0.147
61.300 -0.151
61.400 -0.156
61.500 -0.161
61.600 -0.166
61.700 -0.172
61.800 -0.177
61.900 -0.183
62.000 -0.189
62.100 -0.195
62.200 -0.201
62.300 -0.208
62.400 -0.215
62.500 -0.222
62.600 -0.229
62.700 -0.237
62.800 -0.245
62.900 -0.253
63.000 -0.261
63.100 -0.270
63.200 -0.279
63.300 -0.288
63.400 -0.298
63.500 -0.308
63.600 -0.318
63.700 -0.328
63.800 -0.339
63.900 -0.350
64.000 -0.361
64.100 -0.373
64.200 -0.385
64.300 -0.397
64.400 -0.409
64.500 -0.422
64.600 -0.435
64.700 -0.448
64.800 -0.462
64.900 -0.475
65.000 -0.489
65.100 -0.504
65.200 -0.518
65.300 -0.533
65.400 -0.548
65.500 -0.563
65.600 -0.578
65.700 -0.594
65.800 -0.609
65.900 -0.625
66.000 -0.641
66.100 -0.657
66.200 -0.674
66.300 -0.690
66.400 -0.707
66.500 -0.723
66.600 -0.740
66.700 -0.757
66.800 -0.774
66.900 -0.791
67.000 -0.808
67.100 -0.825
67.200 -0.842
67.300 -0.860
67.400 -0.877
67.500 -0.894
67.600 -0.911
67.700 -0.929
67.800 -0.946
67.900 -0.964
68.000 -0.981
68.100 -0.998
68.200 -1.015
68.300 -1.033
68.400 -1.050
68.500 -1.067
68.600 -1.084
68.700 -1.102
68.800 -1.119
68.900 -1.136
69.000 -1.153
69.100 -1.170
69.200 -1.187
69.300 -1.204
69.400 -1.220
69.500 -1.237
69.600 -1.254
69.700 -1.271
69.800 -1.288
69.900 -1.304
70.000 -1.321
70.100 -1.338
70.200 -1.354
70.300 -1.371
70.400 -1.387
70.500 -1.404
70.600 -1.421
70.700 -1.437
70.800 -1.454
70.900 -1.470
71.000 -1.487
71.100 -1.504
71.200 -1.521
71.300 -1.537
71.400 -1.554
71.500 -1.571
71.600 -1.588
71.700 -1.605
71.800 -1.622
71.900 -1.639
72.000 -1.656
72.100 -1.673
72.200 -1.690
72.300 -1.708
72.400 -1.725
72.500 -1.743
72.600 -1.760
72.700 -1.778
72.800 -1.795
72.900 -1.813
73.000 -1.831
73.100 -1.849
73.200 -1.867
73.300 -1.885
73.400 -1.904
73.500 -1.922
73.600 -1.940
73.700 -1.958
73.800 -1.977
73.900 -1.995
74.000 -2.014
74.100 -2.032
74.200 -2.051
74.300 -2.069
74.400 -2.088
74.500 -2.106
74.600 -2.125
74.700 -2.143
74.800 -2.161
74.900 -2.180
75.000 -2.198
75.100 -2.216
75.200 -2.234
75.300 -2.251
75.400 -2.269
75.500 -2.286
75.600 -2.304
75.700 -2.321
75.800 -2.337
75.900 -2.354
76.000 -2.370
76.100 -2.386
76.200 -2.401
76.300 -2.417
76.400 -2.431
76.500 -2.446
76.600 -2.460
76.700 -2.474
76.800 -2.487
76.900 -2.499
77.000 -2.511
77.100 -2.523
77.200 -2.534
77.300 -2.545
77.400 -2.555
77.500 -2.564
77.600 -2.572
77.700 -2.580
77.800 -2.588
77.900 -2.594
78.000 -2.600
78.100 -2.605
78.200 -2.610
78.300 -2.614
78.400 -2.616
78.500 -2.618
78.600 -2.620
78.700 -2.620
78.800 -2.620
78.900 -2.618
79.000 -2.616
79.100 -2.613
79.200 -2.609
79.300 -2.604
79.400 -2.598
79.500 -2.592
79.600 -2.584
79.700 -2.575
79.800 -2.566
79.900 -2.555
80.000 -2.544
80.100 -2.532
80.200 -2.518
80.300 -2.504
80.400 -2.489
80.500 -2.473
80.600 -2.456
80.700 -2.438
80.800 -2.419
80.900 -2.399
81.000 -2.378
81.100 -2.356
81.200 -2.334
81.300 -2.310
81.400 -2.286
81.500 -2.261
81.600 -2.235
81.700 -2.208
81.800 -2.180
81.900 -2.152
82.000 -2.123
82.100 -2.093
82.200 -2.062
82.300 -2.030
82.400 -1.998
82.500 -1.965
82.600 -1.932
82.700 -1.898
82.800 -1.863
82.900 -1.827
83.000 -1.791
83.100 -1.755
83.200 -1.718
83.300 -1.681
83.400 -1.643
83.500 -1.604
83.600 -1.565
83.700 -1.526
83.800 -1.487
83.900 -1.447
84.000 -1.407
84.100 -1.366
84.200 -1.326
84.300 -1.285
84.400 -1.244
84.500 -1.203
84.600 -1.161
84.700 -1.120
84.800 -1.078
84.900 -1.037
85.000 -0.995
85.100 -0.953
85.200 -0.912
85.300 -0.870
85.400 -0.829
85.500 -0.788
85.600 -0.747
85.700 -0.706
85.800 -0.665
85.900 -0.624
86.000 -0.584
86.100 -0.544
86.200 -0.504
86.300 -0.465
86.400 -0.425
86.500 -0.387
86.600 -0.348
86.700 -0.310
86.800 -0.273
86.900 -0.236
87.000 -0.199
87.100 -0.163
87.200 -0.127
87.300 -0.092
87.400 -0.058
87.500 -0.023
87.600 0.010
87.700 0.043
87.800 0.075
87.900 0.107
88.000 0.138
88.100 0.168
88.200 0.198
88.300 0.227
88.400 0.256
88.500 0.284
88.600 0.311
88.700 0.337
88.800 0.363
88.900 0.388
89.000 0.413
89.100 0.436
89.200 0.459
89.300 0.481
89.400 0.503
89.500 0.523
89.600 0.544
89.700 0.563
89.800 0.581
89.900 0.599
90.000 0.616
90.100 0.633
90.200 0.649
90.300 0.664
90.400 0.678
90.500 0.692
90.600 0.705
90.700 0.717
90.800 0.728
90.900 0.739
91.000 0.750
91.100 0.759
91.200 0.768
91.300 0.777
91.400 0.784
91.500 0.791
91.600 0.798
91.700 0.804
91.800 0.809
91.900 0.814
92.000 0.818
92.100 0.822
92.200 0.826
92.300 0.828
92.400 0.831
92.500 0.833
92.600 0.834
92.700 0.835
92.800 0.836
92.900 0.836
93.000 0.836
93.100 0.835
93.200 0.834
93.300 0.833
93.400 0.832
93.500 0.830
93.600 0.828
93.700 0.825
93.800 0.823
93.900 0.820
94.000 0.817
94.100 0.814
94.200 0.811
94.300 0.808
94.400 0.804
94.500 0.800
94.600 0.797
94.700 0.793
94.800 0.789
94.900 0.785
95.000 0.781
95.100 0.777
95.200 0.773
95.300 0.769
95.400 0.766
95.500 0.762
95.600 0.758
95.700 0.754
95.800 0.751
95.900 0.747
96.000 0.744
96.100 0.740
96.200 0.737
96.300 0.734
96.400 0.731
96.500 0.728
96.600 0.726
96.700 0.723
96.800 0.721
96.900 0.719
97.000 0.717
97.100 0.715
97.200 0.713
97.300 0.712
97.400 0.711
97.500 0.710
97.600 0.709
97.700 0.708
97.800 0.708
97.900 0.707
98.000 0.707
98.100 0.707
98.200 0.707
98.300 0.708
98.400 0.708
98.500 0.709
98.600 0.710
98.700 0.711
98.800 0.712
98.900 0.713
99.000 0.715
99.100 0.716
99.200 0.718
99.300 0.719
99.400 0.721
99.500 0.723
99.600 0.725
99.700 0.727
99.800 0.729
99.900 0.731
100.000 0.733
100.100 0.735
100.200 0.737
100.300 0.739
100.400 0.741
100.500 0.743
100.600 0.746
100.700 0.747
100.800 0.749
100.900 0.751
101.000 0.753
101.100 0.755
101.200 0.756
101.300 0.758
101.400 0.759
101.500 0.760
101.600 0.761
101.700 0.762
101.800 0.763
101.900 0.764
102.000 0.764
102.100 0.764
102.200 0.764
102.300 0.764
102.400 0.764
102.500 0.763
102.600 0.763
102.700 0.762
102.800 0.761
102.900 0.759
103.000 0.758
103.100 0.756
103.200 0.754
103.300 0.751
103.400 0.749
103.500 0.746
103.600 0.743
103.700 0.740
103.800 0.737
103.900 0.733
104.000 0.729
104.100 0.725
104.200 0.721
104.300 0.717
104.400 0.712
104.500 0.707
104.600 0.702
104.700 0.697
104.800 0.691
104.900 0.685
105.000 0.680
105.100 0.674
105.200 0.667
105.300 0.661
105.400 0.655
105.500 0.648
105.600 0.641
105.700 0.634
105.800 0.627
105.900 0.620
106.000 0.613
106.100 0.605
106.200 0.598
106.300 0.590
106.400 0.583
106.500 0.575
106.600 0.567
106.700 0.559
106.800 0.551
106.900 0.543
107.000 0.535
107.100 0.527
107.200 0.519
107.300 0.510
107.400 0.502
107.500 0.494
107.600 0.486
107.700 0.477
107.800 0.469
107.900 0.461
108.000 0.452
108.100 0.444
108.200 0.435
108.300 0.427
108.400 0.419
108.500 0.410
108.600 0.402
108.700 0.393
108.800 0.385
108.900 0.376
109.000 0.367
109.100 0.359
109.200 0.350
109.300 0.342
109.400 0.333
109.500 0.324
109.600 0.315
109.700 0.306
109.800 0.298
109.900 0.289
110.000 0.279
110.100 0.270
110.200 0.261
110.300 0.252
110.400 0.242
110.500 0.233
110.600 0.223
110.700 0.213
110.800 0.204
110.900 0.193
111.000 0.183
111.100 0.173
111.200 0.162
111.300 0.152
111.400 0.141
111.500 0.130
111.600 0.119
111.700 0.107
111.800 0.096
111.900 0.084
112.000 0.072
112.100 0.059
112.200 0.047
112.300 0.034
112.400 0.021
112.500 0.008
112.600 -0.006
112.700 -0.020
112.800 -0.034
112.900 -0.048
113.000 -0.063
113.100 -0.078
113.200 -0.093
113.300 -0.108
113.400 -0.124
113.500 -0.140
113.600 -0.156
113.700 -0.173
113.800 -0.189
113.900 -0.206
114.000 -0.224
114.100 -0.241
114.200 -0.259
114.300 -0.277
114.400 -0.296
114.500 -0.314
114.600 -0.333
114.700 -0.352
114.800 -0.372
114.900 -0.391
115.000 -0.411
115.100 -0.431
115.200 -0.451
115.300 -0.471
115.400 -0.492
115.500 -0.513
115.600 -0.533
115.700 -0.554
115.800 -0.575
115.900 -0.596
116.000 -0.618
116.100 -0.639
116.200 -0.660
116.300 -0.682
116.400 -0.703
116.500 -0.725
116.600 -0.746
116.700 -0.768
116.800 -0.789
116.900 -0.811
117.000 -0.832
117.100 -0.853
117.200 -0.874
117.300 -0.895
117.400 -0.916
117.500 -0.937
117.600 -0.957
117.700 -0.978
117.800 -0.998
117.900 -1.018
118.000 -1.038
118.100 -1.057
118.200 -1.077
118.300 -1.096
118.400 -1.114
118.500 -1.133
118.600 -1.151
118.700 -1.168
118.800 -1.186
118.900 -1.203
119.000 -1.219
119.100 -1.235
119.200 -1.251
119.300 -1.266
119.400 -1.281
119.500 -1.296
119.600 -1.310
119.700 -1.323
119.800 -1.336
119.900 -1.349
120.000 -1.361
120.100 -1.373
120.200 -1.384
120.300 -1.394
120.400 -1.404
120.500 -1.414
120.600 -1.423
120.700 -1.431
120.800 -1.439
120.900 -1.446
121.000 -1.453
121.100 -1.459
121.200 -1.465
121.300 -1.470
121.400 -1.474
121.500 -1.478
121.600 -1.481
121.700 -1.484
121.800 -1.486
121.900 -1.488
122.000 -1.489
122.100 -1.490
122.200 -1.490
122.300 -1.490
122.400 -1.489
122.500 -1.487
122.600 -1.485
122.700 -1.482
122.800 -1.479
122.900 -1.476
123.000 -1.472
123.100 -1.467
123.200 -1.462
123.300 -1.457
123.400 -1.451
123.500 -1.444
123.600 -1.438
123.700 -1.430
123.800 -1.423
123.900 -1.415
124.000 -1.406
124.100 -1.397
124.200 -1.388
124.300 -1.379
124.400 -1.369
124.500 -1.359
124.600 -1.348
124.700 -1.337
124.800 -1.326
124.900 -1.315
125.000 -1.303
125.100 -1.292
125.200 -1.279
125.300 -1.267
125.400 -1.255
125.500 -1.242
125.600 -1.229
125.700 -1.216
125.800 -1.203
125.900 -1.189
126.000 -1.176
126.100 -1.162
126.200 -1.149
126.300 -1.135
126.400 -1.121
126.500 -1.107
126.600 -1.093
126.700 -1.079
126.800 -1.065
126.900 -1.051
127.000 -1.037
127.100 -1.023
127.200 -1.009
127.300 -0.994
127.400 -0.980
127.500 -0.966
127.600 -0.952
127.700 -0.939
127.800 -0.925
127.900 -0.911
128.000 -0.897
128.100 -0.884
128.200 -0.870
128.300 -0.857
128.400 -0.844
128.500 -0.831
128.600 -0.818
128.700 -0.805
128.800 -0.792
128.900 -0.780
129.000 -0.767
129.100 -0.755
129.200 -0.743
129.300 -0.731
129.400 -0.719
129.500 -0.707
129.600 -0.696
129.700 -0.685
129.800 -0.673
129.900 -0.662
130.000 -0.652
130.100 -0.641
130.200 -0.630
130.300 -0.620
130.400 -0.610
130.500 -0.600
130.600 -0.590
130.700 -0.581
130.800 -0.571
130.900 -0.562
131.000 -0.553
131.100 -0.544
131.200 -0.535
131.300 -0.526
131.400 -0.518
131.500 -0.510
131.600 -0.501
131.700 -0.493
131.800 -0.485
131.900 -0.478
132.000 -0.470
132.100 -0.462
132.200 -0.455
132.300 -0.448
132.400 -0.441
132.500 -0.433
132.600 -0.427
132.700 -0.420
132.800 -0.413
132.900 -0.406
133.000 -0.400
133.100 -0.393
133.200 -0.387
133.300 -0.381
133.400 -0.374
133.500 -0.368
133.600 -0.362
133.700 -0.356
133.800 -0.350
133.900 -0.344
134.000 -0.338
134.100 -0.333
134.200 -0.327
134.300 -0.321
134.400 -0.315
134.500 -0.310
134.600 -0.304
134.700 -0.299
134.800 -0.293
134.900 -0.287
135.000 -0.282
135.100 -0.276
135.200 -0.271
135.300 -0.265
135.400 -0.260
135.500 -0.254
135.600 -0.249
135.700 -0.243
135.800 -0.238
135.900 -0.232
136.000 -0.227
136.100 -0.222
136.200 -0.216
136.300 -0.211
136.400 -0.205
136.500 -0.200
136.600 -0.194
136.700 -0.189
136.800 -0.183
136.900 -0.178
137.000 -0.172
137.100 -0.167
137.200 -0.161
137.300 -0.156
137.400 -0.150
137.500 -0.145
137.600 -0.139
137.700 -0.134
137.800 -0.128
137.900 -0.123
138.000 -0.117
138.100 -0.112
138.200 -0.106
138.300 -0.101
138.400 -0.095
138.500 -0.090
138.600 -0.085
138.700 -0.079
138.800 -0.074
138.900 -0.068
139.000 -0.063
139.100 -0.057
139.200 -0.052
139.300 -0.046
139.400 -0.041
139.500 -0.035
139.600 -0.030
139.700 -0.025
139.800 -0.019
139.900 -0.014
140.000 -0.008
140.100 -0.003
140.200 0.002
140.300 0.008
140.400 0.013
140.500 0.018
140.600 0.024
140.700 0.029
140.800 0.034
140.900 0.040
141.000 0.045
141.100 0.051
141.200 0.056
141.300 0.061
141.400 0.067
141.500 0.072
141.600 0.077
141.700 0.083
141.800 0.088
141.900 0.094
142.000 0.099
142.100 0.105
142.200 0.110
142.300 0.115
142.400 0.121
142.500 0.126
142.600 0.132
142.700 0.138
142.800 0.143
142.900 0.149
143.000 0.154
143.100 0.160
143.200 0.165
143.300 0.171
143.400 0.177
143.500 0.182
143.600 0.188
143.700 0.194
143.800 0.199
143.900 0.205
144.000 0.211
144.100 0.217
144.200 0.222
144.300 0.228
144.400 0.234
144.500 0.240
144.600 0.245
144.700 0.251
144.800 0.257
144.900 0.263
145.000 0.269
145.100 0.274
145.200 0.280
145.300 0.286
145.400 0.291
145.500 0.297
145.600 0.302
145.700 0.308
145.800 0.314
145.900 0.319
146.000 0.324
146.100 0.330
146.200 0.335
146.300 0.340
146.400 0.346
146.500 0.351
146.600 0.356
146.700 0.361
146.800 0.365
146.900 0.370
147.000 0.375
147.100 0.379
147.200 0.384
147.300 0.388
147.400 0.392
147.500 0.397
147.600 0.400
147.700 0.404
147.800 0.408
147.900 0.412
148.000 0.415
148.100 0.418
148.200 0.422
148.300 0.425
148.400 0.428
148.500 0.430
148.600 0.433
148.700 0.435
148.800 0.438
148.900 0.440
149.000 0.442
149.100 0.444
149.200 0.445
149.300 0.447
149.400 0.448
149.500 0.450
149.600 0.451
149.700 0.452
149.800 0.453
149.900 0.453
150.000 0.454
150.100 0.454
150.200 0.455
150.300 0.455
150.400 0.455
150.500 0.455
150.600 0.455
150.700 0.454
150.800 0.454
150.900 0.454
151.000 0.453
151.100 0.452
151.200 0.452
151.300 0.451
151.400 0.450
151.500 0.449
151.600 0.448
151.700 0.448
151.800 0.447
151.900 0.446
152.000 0.445
152.100 0.444
152.200 0.443
152.300 0.442
152.400 0.441
152.500 0.440
152.600 0.439
152.700 0.438
152.800 0.437
152.900 0.437
153.000 0.436
153.100 0.435
153.200 0.435
153.300 0.434
153.400 0.434
153.500 0.434
153.600 0.433
153.700 0.433
153.800 0.433
153.900 0.433
154.000 0.434
154.100 0.434
154.200 0.434
154.300 0.435
154.400 0.435
154.500 0.436
154.600 0.437
154.700 0.438
154.800 0.439
154.900 0.441
155.000 0.442
155.100 0.443
155.200 0.445
155.300 0.447
155.400 0.448
155.500 0.450
155.600 0.452
155.700 0.454
155.800 0.457
155.900 0.459
156.000 0.461
156.100 0.464
156.200 0.466
156.300 0.469
156.400 0.471
156.500 0.474
156.600 0.476
156.700 0.479
156.800 0.482
156.900 0.484
157.000 0.487
157.100 0.489
157.200 0.492
157.300 0.495
157.400 0.497
157.500 0.500
157.600 0.502
157.700 0.504
157.800 0.506
157.900 0.509
158.000 0.511
158.100 0.513
158.200 0.514
158.300 0.516
158.400 0.518
158.500 0.519
158.600 0.520
158.700 0.521
158.800 0.522
158.900 0.523
159.000 0.524
159.100 0.524
159.200 0.524
159.300 0.524
159.400 0.524
159.500 0.524
159.600 0.523
159.700 0.522
159.800 0.521
159.900 0.520
160.000 0.519
160.100 0.517
160.200 0.515
160.300 0.513
160.400 0.511
160.500 0.509
160.600 0.506
160.700 0.503
160.800 0.500
160.900 0.497
161.000 0.494
161.100 0.490
161.200 0.487
161.300 0.483
161.400 0.479
161.500 0.475
161.600 0.470
161.700 0.466
161.800 0.461
161.900 0.457
162.000 0.452
162.100 0.447
162.200 0.443
162.300 0.438
162.400 0.433
162.500 0.428
162.600 0.423
162.700 0.418
162.800 0.412
162.900 0.407
163.000 0.402
163.100 0.397
163.200 0.392
163.300 0.388
163.400 0.383
163.500 0.378
163.600 0.373
163.700 0.369
163.800 0.364
163.900 0.360
164.000 0.355
164.100 0.351
164.200 0.347
164.300 0.344
164.400 0.340
164.500 0.336
164.600 0.333
164.700 0.330
164.800 0.327
164.900 0.324
165.000 0.321
165.100 0.319
165.200 0.317
165.300 0.314
165.400 0.313
165.500 0.311
165.600 0.309
165.700 0.308
165.800 0.307
165.900 0.306
166.000 0.305
166.100 0.304
166.200 0.304
166.300 0.304
166.400 0.304
166.500 0.304
166.600 0.304
166.700 0.304
166.800 0.304
166.900 0.305
167.000 0.306
167.100 0.306
167.200 0.307
167.300 0.308
167.400 0.309
167.500 0.310
167.600 0.311
167.700 0.312
167.800 0.313
167.900 0.314
168.000 0.315
168.100 0.316
168.200 0.317
168.300 0.318
168.400 0.319
168.500 0.320
168.600 0.321
168.700 0.322
168.800 0.322
168.900 0.323
169.000 0.323
169.100 0.323
169.200 0.323
169.300 0.323
169.400 0.323
169.500 0.322
169.600 0.322
169.700 0.321
169.800 0.320
169.900 0.319
170.000 0.317
170.100 0.316
170.200 0.314
170.300 0.312
170.400 0.310
170.500 0.307
170.600 0.304
170.700 0.302
170.800 0.298
170.900 0.295
171.000 0.292
171.100 0.288
171.200 0.284
171.300 0.280
171.400 0.275
171.500 0.271
171.600 0.266
171.700 0.261
171.800 0.256
171.900 0.251
172.000 0.246
172.100 0.240
172.200 0.234
172.300 0.229
172.400 0.223
172.500 0.217
172.600 0.211
172.700 0.205
172.800 0.199
172.900 0.193
173.000 0.187
173.100 0.181
173.200 0.174
173.300 0.168
173.400 0.162
173.500 0.156
173.600 0.150
173.700 0.144
173.800 0.139
173.900 0.133
174.000 0.127
174.100 0.122
174.200 0.117
174.300 0.112
174.400 0.107
174.500 0.102
174.600 0.097
174.700 0.093
174.800 0.089
174.900 0.085
175.000 0.081
175.100 0.077
175.200 0.074
175.300 0.071
175.400 0.068
175.500 0.065
175.600 0.063
175.700 0.061
175.800 0.059
175.900 0.057
176.000 0.056
176.100 0.055
176.200 0.054
176.300 0.053
176.400 0.053
176.500 0.053
176.600 0.053
176.700 0.053
176.800 0.053
176.900 0.054
177.000 0.055
177.100 0.056
177.200 0.057
177.300 0.058
177.400 0.060
177.500 0.061
177.600 0.063
177.700 0.065
177.800 0.066
177.900 0.068
178.000 0.070
178.100 0.072
178.200 0.074
178.300 0.076
178.400 0.078
178.500 0.080
178.600 0.082
178.700 0.084
178.800 0.086
178.900 0.088
179.000 0.089
179.100 0.091
179.200 0.092
179.300 0.094
179.400 0.095
179.500 0.095
179.600 0.096
179.700 0.097
179.800 0.097
179.900 0.097
180.000 0.097
180.100 0.097
180.200 0.096
180.300 0.095
180.400 0.094
180.500 0.093
180.600 0.091
180.700 0.089
180.800 0.087
180.900 0.084
181.000 0.081
181.100 0.078
181.200 0.075
181.300 0.071
181.400 0.068
181.500 0.064
181.600 0.059
181.700 0.055
181.800 0.050
181.900 0.045
182.000 0.039
182.100 0.034
182.200 0.028
182.300 0.023
182.400 0.017
182.500 0.010
182.600 0.004
182.700 -0.002
182.800 -0.009
182.900 -0.015
183.000 -0.022
183.100 -0.029
183.200 -0.035
183.300 -0.042
183.400 -0.048
183.500 -0.055
183.600 -0.062
183.700 -0.068
183.800 -0.074
183.900 -0.081
184.000 -0.087
184.100 -0.093
184.200 -0.098
184.300 -0.104
184.400 -0.109
184.500 -0.114
184.600 -0.119
184.700 -0.123
184.800 -0.127
184.900 -0.131
185.000 -0.134
185.100 -0.137
185.200 -0.140
185.300 -0.142
185.400 -0.144
185.500 -0.146
185.600 -0.147
185.700 -0.147
185.800 -0.147
185.900 -0.147
186.000 -0.146
186.100 -0.145
186.200 -0.143
186.300 -0.141
186.400 -0.138
186.500 -0.135
186.600 -0.131
186.700 -0.127
186.800 -0.122
186.900 -0.117
187.000 -0.111
187.100 -0.105
187.200 -0.098
187.300 -0.091
187.400 -0.083
187.500 -0.075
187.600 -0.066
187.700 -0.057
187.800 -0.048
187.900 -0.038
188.000 -0.028
188.100 -0.017
188.200 -0.006
188.300 0.005
188.400 0.017
188.500 0.029
188.600 0.041
188.700 0.054
188.800 0.067
188.900 0.080
189.000 0.093
189.100 0.107
189.200 0.120
189.300 0.134
189.400 0.148
189.500 0.162
189.600 0.176
189.700 0.190
189.800 0.205
189.900 0.219
190.000 0.234
190.100 0.248
190.200 0.262
190.300 0.277
190.400 0.291
190.500 0.305
190.600 0.319
190.700 0.333
190.800 0.347
190.900 0.361
191.000 0.375
191.100 0.389
191.200 0.402
191.300 0.415
191.400 0.428
191.500 0.441
191.600 0.454
191.700 0.467
191.800 0.479
191.900 0.491
192.000 0.503
192.100 0.515
192.200 0.527
192.300 0.539
192.400 0.550
192.500 0.561
192.600 0.572
192.700 0.583
192.800 0.594
192.900 0.604
193.000 0.615
193.100 0.625
193.200 0.635
193.300 0.645
193.400 0.655
193.500 0.665
193.600 0.675
193.700 0.685
193.800 0.695
193.900 0.704
194.000 0.714
194.100 0.724
194.200 0.734
194.300 0.743
194.400 0.753
194.500 0.763
194.600 0.773
194.700 0.783
194.800 0.793
194.900 0.804
195.000 0.814
195.100 0.825
195.200 0.836
195.300 0.847
195.400 0.858
195.500 0.869
195.600 0.881
195.700 0.893
195.800 0.905
195.900 0.917
196.000 0.929
196.100 0.942
196.200 0.955
196.300 0.968
196.400 0.982
196.500 0.996
196.600 1.010
196.700 1.024
196.800 1.038
196.900 1.053
197.000 1.068
197.100 1.083
197.200 1.098
197.300 1.114
197.400 1.129
197.500 1.145
197.600 1.161
197.700 1.177
197.800 1.194
197.900 1.210
198.000 1.226
198.100 1.243
198.200 1.259
198.300 1.276
198.400 1.293
198.500 1.309
198.600 1.326
198.700 1.342
198.800 1.358
198.900 1.374
199.000 1.390
199.100 1.406
199.200 1.422
199.300 1.437
199.400 1.452
199.500 1.467
199.600 1.481
199.700 1.495
199.800 1.508
199.900 1.521
