# Calibration file
# 	Position (mm)     Distance (microns)    Light Intensity (0-255)
0.000000000000000000e+00 3.040016745728476621e+01 2.200000000000000000e+02
2.002002002002002123e-01 1.277380095476583222e+01 2.490000000000000000e+02
4.004004004004004247e-01 -1.005303896861823887e+01 2.480000000000000000e+02
6.006006006006006093e-01 5.158539240022000172e+01 2.420000000000000000e+02
8.008008008008008494e-01 -9.608117316859363655e-01 2.180000000000000000e+02
1.001001001001001089e+00 3.387789546424079390e+01 2.090000000000000000e+02
1.201201201201201219e+00 -1.570520366076962659e+00 2.110000000000000000e+02
1.401401401401401570e+00 1.275863175133518723e+01 2.150000000000000000e+02
1.601601601601601699e+00 8.945376729255875148e+01 2.440000000000000000e+02
1.801801801801801828e+00 -6.746457490604166196e+01 2.030000000000000000e+02
2.002002002002002179e+00 6.628163213774945461e+01 2.230000000000000000e+02
2.202202202202202308e+00 -6.940586752527141812e+01 2.030000000000000000e+02
2.402402402402402437e+00 -9.324981344941043915e+01 2.150000000000000000e+02
2.602602602602602566e+00 -4.077042268604213859e+01 2.390000000000000000e+02
2.802802802802803139e+00 -3.800076802859648950e+01 2.110000000000000000e+02
3.003003003003003268e+00 -3.353118443623579026e+01 2.440000000000000000e+02
3.203203203203203397e+00 7.023885104523526479e+01 2.120000000000000000e+02
3.403403403403403527e+00 -5.205420356228984957e+01 2.010000000000000000e+02
3.603603603603603656e+00 -6.833790739666758896e+01 2.000000000000000000e+02
3.803803803803804229e+00 -9.420161248392496134e+01 2.120000000000000000e+02
4.004004004004004358e+00 -9.610201547288114909e+01 2.340000000000000000e+02
4.204204204204204487e+00 -2.654473182949656973e+01 2.410000000000000000e+02
4.404404404404404616e+00 -2.246854821402294533e+00 2.340000000000000000e+02
4.604604604604604745e+00 9.239268882796045546e+01 2.400000000000000000e+02
4.804804804804804874e+00 5.322623475048314390e+01 2.330000000000000000e+02
5.005005005005005003e+00 -1.813179057643438341e+00 2.380000000000000000e+02
5.205205205205205132e+00 9.618564313838288626e+01 2.210000000000000000e+02
5.405405405405406150e+00 -9.733459461839618143e+01 2.180000000000000000e+02
5.605605605605606279e+00 -9.523288969865220110e+01 2.300000000000000000e+02
5.805805805805806408e+00 6.606590617680578248e+01 2.060000000000000000e+02
6.006006006006006537e+00 9.937115431723239567e+01 2.230000000000000000e+02
6.206206206206206666e+00 6.188109171176827772e+01 2.090000000000000000e+02
6.406406406406406795e+00 -3.346294561229360909e+01 2.220000000000000000e+02
6.606606606606606924e+00 -1.502499350831543268e+01 2.130000000000000000e+02
6.806806806806807053e+00 -8.929138353150605667e+01 2.100000000000000000e+02
7.007007007007007182e+00 -7.785755682806598088e+01 2.130000000000000000e+02
7.207207207207207311e+00 -2.433187430694026432e+01 2.180000000000000000e+02
7.407407407407407440e+00 -5.688199295294469238e+01 2.240000000000000000e+02
7.607607607607608458e+00 8.138858892744445939e+01 2.260000000000000000e+02
7.807807807807808587e+00 -9.605886684915503793e+00 2.210000000000000000e+02
8.008008008008008716e+00 -6.379364545689678323e+01 2.360000000000000000e+02
8.208208208208208845e+00 -8.015840380414709898e+01 2.240000000000000000e+02
8.408408408408408974e+00 5.778906470324719180e+01 2.410000000000000000e+02
8.608608608608609103e+00 2.262725531734743356e+01 2.280000000000000000e+02
8.808808808808809232e+00 -8.327173110035735704e+01 2.200000000000000000e+02
9.009009009009009361e+00 -4.193178255143251931e+00 2.180000000000000000e+02
9.209209209209209490e+00 5.835468040402315637e+01 2.470000000000000000e+02
9.409409409409409619e+00 -8.711282795612513041e+01 2.320000000000000000e+02
9.609609609609609748e+00 3.592155785967585757e+01 2.050000000000000000e+02
9.809809809809809877e+00 -9.989139264247428684e+01 2.490000000000000000e+02
1.001001001001001001e+01 5.052167701028284341e+01 2.140000000000000000e+02
1.021021021021021014e+01 5.458845171520820827e+01 2.410000000000000000e+02
1.041041041041041026e+01 -6.014000649150155198e+01 2.020000000000000000e+02
1.061061061061061039e+01 2.586104231847600943e+01 2.310000000000000000e+02
1.081081081081081230e+01 -8.486068415971050172e+01 2.050000000000000000e+02
1.101101101101101243e+01 7.267749390977641610e+01 2.090000000000000000e+02
1.121121121121121256e+01 -4.166686221790523348e+01 2.150000000000000000e+02
1.141141141141141269e+01 6.906166009312121901e+01 2.050000000000000000e+02
1.161161161161161282e+01 -1.384075206538008729e+01 2.240000000000000000e+02
1.181181181181181294e+01 -5.516810518602324009e+01 2.300000000000000000e+02
1.201201201201201307e+01 -5.976097397472939576e+01 2.160000000000000000e+02
1.221221221221221320e+01 -8.478444488271128421e+01 2.110000000000000000e+02
1.241241241241241333e+01 8.749269074460897855e+01 2.060000000000000000e+02
1.261261261261261346e+01 5.127377824318401167e+01 2.120000000000000000e+02
1.281281281281281359e+01 -4.511322980109972747e+01 2.110000000000000000e+02
1.301301301301301372e+01 1.539604788132379554e+00 2.440000000000000000e+02
1.321321321321321385e+01 -5.290073132000712519e+01 2.110000000000000000e+02
1.341341341341341398e+01 7.437270893211939438e+01 2.000000000000000000e+02
1.361361361361361411e+01 2.395168619349431083e+01 2.470000000000000000e+02
1.381381381381381424e+01 -8.237903834658538926e+01 2.460000000000000000e+02
1.401401401401401436e+01 8.081293100122121587e+01 2.320000000000000000e+02
1.421421421421421449e+01 -4.264941285826611050e+01 2.330000000000000000e+02
1.441441441441441462e+01 8.368801207087366834e+01 2.280000000000000000e+02
1.461461461461461475e+01 3.700460960397921895e+01 2.490000000000000000e+02
1.481481481481481488e+01 -4.648192929978733900e+01 2.390000000000000000e+02
1.501501501501501679e+01 2.174666011451054715e+01 2.050000000000000000e+02
1.521521521521521692e+01 8.897641215067301346e+01 2.270000000000000000e+02
1.541541541541541704e+01 -9.957493028090284781e+01 2.130000000000000000e+02
1.561561561561561717e+01 7.746623871124043603e+01 2.150000000000000000e+02
1.581581581581581730e+01 -8.245701689214637042e+01 2.310000000000000000e+02
1.601601601601601743e+01 -2.544885240807847993e+01 2.130000000000000000e+02
1.621621621621621756e+01 -6.993822090320253437e+01 2.300000000000000000e+02
1.641641641641641769e+01 -4.199130269504178870e+01 2.190000000000000000e+02
1.661661661661661782e+01 -2.797650270685667806e+01 2.100000000000000000e+02
1.681681681681681795e+01 3.803405450262675913e+01 2.040000000000000000e+02
1.701701701701701808e+01 -1.992225079159798895e+01 2.130000000000000000e+02
1.721721721721721821e+01 -8.129448315494090593e+01 2.080000000000000000e+02
1.741741741741741833e+01 6.517337862065897980e+01 2.120000000000000000e+02
1.761761761761761846e+01 2.904865491409466927e+01 2.410000000000000000e+02
1.781781781781781859e+01 1.790131170091504487e+01 2.160000000000000000e+02
1.801801801801801872e+01 -7.186895499966183820e+00 2.010000000000000000e+02
1.821821821821821885e+01 2.864182835348302092e+01 2.380000000000000000e+02
1.841841841841841898e+01 -6.616941755618202592e+01 2.080000000000000000e+02
1.861861861861861911e+01 -2.007907538114291413e+01 2.000000000000000000e+02
1.881881881881881924e+01 2.783638138095855652e+01 2.090000000000000000e+02
1.901901901901901937e+01 8.553561097562348436e+01 2.360000000000000000e+02
1.921921921921921950e+01 -7.316465908501788817e+01 2.040000000000000000e+02
1.941941941941941963e+01 -6.649757537783034422e+01 2.290000000000000000e+02
1.961961961961961975e+01 -6.803466990546368720e+01 2.070000000000000000e+02
1.981981981981981988e+01 -6.535121027909862335e+01 2.030000000000000000e+02
2.002002002002002001e+01 -9.474515493848154790e+01 2.270000000000000000e+02
2.022022022022022014e+01 8.383930901729235075e+01 2.460000000000000000e+02
2.042042042042042027e+01 -2.655223336516148436e+01 2.430000000000000000e+02
2.062062062062062040e+01 -7.736758447536558947e+00 2.090000000000000000e+02
2.082082082082082053e+01 9.737739246658441061e+01 2.430000000000000000e+02
2.102102102102102066e+01 8.971564994861606124e+01 2.120000000000000000e+02
2.122122122122122079e+01 5.307905193227324503e+01 2.230000000000000000e+02
2.142142142142142447e+01 -1.272187727724355000e+01 2.200000000000000000e+02
2.162162162162162460e+01 -4.675531345241233083e+01 2.250000000000000000e+02
2.182182182182182473e+01 5.372391871523836926e+01 2.040000000000000000e+02
2.202202202202202486e+01 -7.424602259578642816e+01 2.170000000000000000e+02
2.222222222222222499e+01 -2.113414511527717821e+01 2.310000000000000000e+02
2.242242242242242511e+01 -2.119089670524516578e+01 2.070000000000000000e+02
2.262262262262262524e+01 -9.674620291979864817e+01 2.240000000000000000e+02
2.282282282282282537e+01 -7.881698413618858012e+01 2.380000000000000000e+02
2.302302302302302550e+01 2.391095463576982638e+01 2.480000000000000000e+02
2.322322322322322563e+01 9.588526695164648572e+01 2.440000000000000000e+02
2.342342342342342576e+01 -4.814437371608810423e+01 2.190000000000000000e+02
2.362362362362362589e+01 -7.332136695339626442e+01 2.110000000000000000e+02
2.382382382382382602e+01 2.801997811345461287e+01 2.270000000000000000e+02
2.402402402402402615e+01 -3.838157946438567336e+01 2.300000000000000000e+02
2.422422422422422628e+01 4.721034784005743745e+01 2.470000000000000000e+02
2.442442442442442641e+01 6.886273253307263076e+01 2.430000000000000000e+02
2.462462462462462653e+01 1.427334078429831266e+01 2.310000000000000000e+02
2.482482482482482666e+01 9.046759402687521856e+01 2.460000000000000000e+02
2.502502502502502679e+01 -7.912886815837856602e+01 2.180000000000000000e+02
2.522522522522522692e+01 9.294994010099722459e+01 2.200000000000000000e+02
2.542542542542542705e+01 4.967068380836261099e+01 2.200000000000000000e+02
2.562562562562562718e+01 -1.027237619354812637e+01 2.180000000000000000e+02
2.582582582582582731e+01 -5.464456648578981657e+01 2.040000000000000000e+02
2.602602602602602744e+01 -7.482777297018759555e+01 2.370000000000000000e+02
2.622622622622622757e+01 6.010184958949193401e+01 2.090000000000000000e+02
2.642642642642642770e+01 -2.377532643054711059e+01 2.140000000000000000e+02
2.662662662662662783e+01 4.664043104944838092e+01 2.490000000000000000e+02
2.682682682682682795e+01 -9.833598162042278545e+01 2.490000000000000000e+02
2.702702702702702808e+01 -8.969314049774422415e+01 2.360000000000000000e+02
2.722722722722722821e+01 -7.908776405233368223e+00 2.070000000000000000e+02
2.742742742742742834e+01 5.412789231370734910e+01 2.280000000000000000e+02
2.762762762762762847e+01 7.348163285311787263e+01 2.230000000000000000e+02
2.782782782782782860e+01 5.466878023679467447e+01 2.370000000000000000e+02
2.802802802802802873e+01 1.013577344344436426e+01 2.120000000000000000e+02
2.822822822822822886e+01 -6.457895623244212402e+00 2.410000000000000000e+02
2.842842842842842899e+01 7.954614330928581012e+01 2.230000000000000000e+02
2.862862862862862912e+01 -2.243816470486747505e+01 2.210000000000000000e+02
2.882882882882882924e+01 -9.557197052423242667e+01 2.330000000000000000e+02
2.902902902902902937e+01 9.613835806561039021e+01 2.250000000000000000e+02
2.922922922922922950e+01 -5.161716558634385876e+01 2.230000000000000000e+02
2.942942942942942963e+01 -2.581652378539764925e+01 2.160000000000000000e+02
2.962962962962962976e+01 7.083231347441312664e+01 2.000000000000000000e+02
2.982982982982982989e+01 -4.886925310323493221e+01 2.070000000000000000e+02
3.003003003003003357e+01 -9.963995483321319568e+01 2.000000000000000000e+02
3.023023023023023370e+01 9.922640203671318204e+01 2.480000000000000000e+02
3.043043043043043383e+01 5.417569990940484104e+01 2.290000000000000000e+02
3.063063063063063396e+01 2.593756061414227077e+01 2.080000000000000000e+02
3.083083083083083409e+01 -8.058252465415685606e+01 2.440000000000000000e+02
3.103103103103103422e+01 -8.425467468462315423e+00 2.000000000000000000e+02
3.123123123123123435e+01 1.099906578813173041e+01 2.130000000000000000e+02
3.143143143143143448e+01 2.596909106372893916e+01 2.380000000000000000e+02
3.163163163163163460e+01 -4.414030025346480102e+01 2.130000000000000000e+02
3.183183183183183473e+01 4.808590166747518424e+01 2.110000000000000000e+02
3.203203203203203486e+01 4.455964847878112778e+01 2.360000000000000000e+02
3.223223223223223499e+01 5.787337609743644862e+01 2.120000000000000000e+02
3.243243243243243512e+01 5.185363738262549305e+01 2.060000000000000000e+02
3.263263263263263525e+01 5.668558215113961296e+00 2.220000000000000000e+02
3.283283283283283538e+01 -4.210308529819724299e+01 2.410000000000000000e+02
3.303303303303303551e+01 -7.435277506915831225e+01 2.410000000000000000e+02
3.323323323323323564e+01 8.972191053965573815e+01 2.260000000000000000e+02
3.343343343343343577e+01 2.613586709006912656e+01 2.420000000000000000e+02
3.363363363363363590e+01 -3.126086062362919904e+01 2.310000000000000000e+02
3.383383383383383602e+01 -4.007415092798808587e+00 2.450000000000000000e+02
3.403403403403403615e+01 -4.887123662642893862e+01 2.010000000000000000e+02
3.423423423423423628e+01 9.593232346848105863e+01 2.460000000000000000e+02
3.443443443443443641e+01 8.113106712367661544e+01 2.430000000000000000e+02
3.463463463463463654e+01 -9.778693887269824359e+01 2.420000000000000000e+02
3.483483483483483667e+01 -2.059869286808080346e+00 2.250000000000000000e+02
3.503503503503503680e+01 6.959453621606510865e+01 2.420000000000000000e+02
3.523523523523523693e+01 8.877474670016709979e+01 2.040000000000000000e+02
3.543543543543543706e+01 4.581563783132401113e+01 2.020000000000000000e+02
3.563563563563563719e+01 -9.434877986823735796e+01 2.420000000000000000e+02
3.583583583583583732e+01 1.609459161858353582e+01 2.380000000000000000e+02
3.603603603603603744e+01 -5.908762150111834899e+01 2.470000000000000000e+02
3.623623623623623757e+01 -3.402531729257248116e+01 2.070000000000000000e+02
3.643643643643643770e+01 -1.356296707798264833e+00 2.110000000000000000e+02
3.663663663663663783e+01 1.853603377065999780e+01 2.370000000000000000e+02
3.683683683683683796e+01 3.045619610859455406e+01 2.430000000000000000e+02
3.703703703703703809e+01 9.269958148552518651e+00 2.320000000000000000e+02
3.723723723723723822e+01 -6.660685301146307324e+01 2.070000000000000000e+02
3.743743743743743835e+01 -7.786192286761675518e+00 2.410000000000000000e+02
3.763763763763763848e+01 6.978308773504281248e+01 2.060000000000000000e+02
3.783783783783783861e+01 -5.197375899385190223e+01 2.230000000000000000e+02
3.803803803803803874e+01 6.772902360903384533e+01 2.430000000000000000e+02
3.823823823823823886e+01 8.577536691168998573e+01 2.360000000000000000e+02
3.843843843843843899e+01 5.495382621841685022e+00 2.110000000000000000e+02
3.863863863863863912e+01 -1.490275535427933562e+01 2.420000000000000000e+02
3.883883883883883925e+01 -5.479338837389546768e+01 2.370000000000000000e+02
3.903903903903903938e+01 4.195671039424757964e+01 2.360000000000000000e+02
3.923923923923923951e+01 -9.936464591343946040e+01 2.250000000000000000e+02
3.943943943943943964e+01 9.347229034413720683e+01 2.040000000000000000e+02
3.963963963963963977e+01 -2.293294803657857983e+00 2.030000000000000000e+02
3.983983983983983990e+01 -6.306745972759975416e+01 2.180000000000000000e+02
4.004004004004004003e+01 6.219511821797470930e+01 2.300000000000000000e+02
4.024024024024024015e+01 4.549271884880116090e+01 2.360000000000000000e+02
4.044044044044044028e+01 2.769802476402341540e+01 2.180000000000000000e+02
4.064064064064064041e+01 8.474222480894098908e+01 2.260000000000000000e+02
4.084084084084084054e+01 -8.013479037098593949e+01 2.190000000000000000e+02
4.104104104104104067e+01 -5.111627095048949343e+01 2.370000000000000000e+02
4.124124124124124080e+01 2.329799579659538722e+01 2.370000000000000000e+02
4.144144144144144093e+01 -7.544427567648844501e+01 2.410000000000000000e+02
4.164164164164164106e+01 1.968012401010864210e+01 2.100000000000000000e+02
4.184184184184184119e+01 9.017125003165139674e+01 2.150000000000000000e+02
4.204204204204204132e+01 -9.786353682605025028e+00 2.160000000000000000e+02
4.224224224224224145e+01 -2.827417473518514157e+01 2.180000000000000000e+02
4.244244244244244157e+01 1.624410356964659741e+00 2.030000000000000000e+02
4.264264264264264170e+01 6.643567888285332401e+00 2.320000000000000000e+02
4.284284284284284894e+01 -6.952359926445801364e+01 2.330000000000000000e+02
4.304304304304304907e+01 3.500120336643939822e+01 2.120000000000000000e+02
4.324324324324324920e+01 -3.011657157943207608e+01 2.000000000000000000e+02
4.344344344344344933e+01 1.932236038468224137e+01 2.340000000000000000e+02
4.364364364364364945e+01 8.890562732386507605e+01 2.410000000000000000e+02
4.384384384384384958e+01 -6.844854093326424049e+01 2.050000000000000000e+02
4.404404404404404971e+01 -7.059103385841507361e+01 2.280000000000000000e+02
4.424424424424424984e+01 -5.054044784088493714e+01 2.080000000000000000e+02
4.444444444444444997e+01 -8.661518581376361681e+01 2.470000000000000000e+02
4.464464464464465010e+01 -5.946137061124230172e+01 2.100000000000000000e+02
4.484484484484485023e+01 -5.084767241952636851e+01 2.440000000000000000e+02
4.504504504504505036e+01 4.549877173459725554e+01 2.090000000000000000e+02
4.524524524524525049e+01 3.553202210161492758e+01 2.090000000000000000e+02
4.544544544544545062e+01 -4.774330645998558964e+01 2.440000000000000000e+02
4.564564564564565075e+01 4.538736821506958563e+00 2.460000000000000000e+02
4.584584584584585087e+01 -8.312452824652510230e+01 2.100000000000000000e+02
4.604604604604605100e+01 6.510113177692181807e+01 2.440000000000000000e+02
4.624624624624625113e+01 -3.174104088067592500e+01 2.220000000000000000e+02
4.644644644644645126e+01 8.970870373343552728e+01 2.450000000000000000e+02
4.664664664664665139e+01 7.343949837691877747e+01 2.400000000000000000e+02
4.684684684684685152e+01 -1.052262770720429330e+01 2.230000000000000000e+02
4.704704704704705165e+01 -6.996571709654693905e+01 2.140000000000000000e+02
4.724724724724725178e+01 -8.838326139573000262e+01 2.430000000000000000e+02
4.744744744744745191e+01 -4.175770272504386327e+01 2.380000000000000000e+02
4.764764764764765204e+01 5.898166274277360799e+01 2.350000000000000000e+02
4.784784784784785217e+01 9.191133599731227832e+01 2.440000000000000000e+02
4.804804804804805229e+01 -7.628085817541980873e+01 2.130000000000000000e+02
4.824824824824825242e+01 3.366285486106161784e+01 2.410000000000000000e+02
4.844844844844845255e+01 8.077946810468358763e+01 2.080000000000000000e+02
4.864864864864865268e+01 6.129462921682872434e+01 2.400000000000000000e+02
4.884884884884885281e+01 -9.696319569579972608e+01 2.140000000000000000e+02
4.904904904904905294e+01 -3.921380326538466221e+01 2.490000000000000000e+02
4.924924924924925307e+01 5.732947310451444878e+01 2.170000000000000000e+02
4.944944944944945320e+01 3.090705971822345077e+01 2.220000000000000000e+02
4.964964964964965333e+01 -8.639039795191804672e+01 2.150000000000000000e+02
4.984984984984985346e+01 5.581251546314618395e+01 2.410000000000000000e+02
5.005005005005005358e+01 -8.582532486748004885e+01 2.160000000000000000e+02
5.025025025025025371e+01 -9.786163480784826163e+01 2.150000000000000000e+02
5.045045045045045384e+01 6.946723056648164629e+01 2.030000000000000000e+02
5.065065065065065397e+01 -9.950179326691397819e+01 2.330000000000000000e+02
5.085085085085085410e+01 -8.647358489788841496e+01 2.080000000000000000e+02
5.105105105105105423e+01 5.768526051860973780e+00 2.110000000000000000e+02
5.125125125125125436e+01 4.053310063119516826e+01 2.180000000000000000e+02
5.145145145145145449e+01 6.775807972738718377e+00 2.440000000000000000e+02
5.165165165165165462e+01 -5.690154242414422470e-01 2.400000000000000000e+02
5.185185185185185475e+01 8.245819574532788465e+00 2.440000000000000000e+02
5.205205205205205488e+01 -4.367531763782110943e+01 2.270000000000000000e+02
5.225225225225225500e+01 -5.835668231081822910e+01 2.190000000000000000e+02
5.245245245245245513e+01 4.664846555324800192e+01 2.420000000000000000e+02
5.265265265265265526e+01 1.855930529351269342e+00 2.430000000000000000e+02
5.285285285285285539e+01 6.114924857427996585e+01 2.070000000000000000e+02
5.305305305305305552e+01 -1.371478680060423017e+01 2.080000000000000000e+02
5.325325325325325565e+01 -1.635210710492098940e+01 2.280000000000000000e+02
5.345345345345345578e+01 2.491985786415374093e+01 2.020000000000000000e+02
5.365365365365365591e+01 3.970252586818924101e+01 2.200000000000000000e+02
5.385385385385385604e+01 7.294919457607232971e+01 2.440000000000000000e+02
5.405405405405405617e+01 -1.924385358932067902e+01 2.230000000000000000e+02
5.425425425425425630e+01 -2.476459170043554536e+01 2.390000000000000000e+02
5.445445445445445642e+01 8.362669685084725302e+01 2.200000000000000000e+02
5.465465465465465655e+01 -8.644610488039504048e+01 2.180000000000000000e+02
5.485485485485485668e+01 7.053009817106172363e+01 2.110000000000000000e+02
5.505505505505505681e+01 -3.922029389918230891e+01 2.080000000000000000e+02
5.525525525525525694e+01 3.113630677318752760e+00 2.380000000000000000e+02
5.545545545545545707e+01 3.820260379256046690e+01 2.460000000000000000e+02
5.565565565565565720e+01 3.023676776778475528e+01 2.440000000000000000e+02
5.585585585585585733e+01 -4.754466464483228805e+01 2.070000000000000000e+02
5.605605605605605746e+01 -6.301114297587093915e+01 2.070000000000000000e+02
5.625625625625625759e+01 9.544512926516389939e+00 2.150000000000000000e+02
5.645645645645645772e+01 -9.207040518663831108e+00 2.300000000000000000e+02
5.665665665665665784e+01 -5.632654130167222917e+01 2.140000000000000000e+02
5.685685685685685797e+01 5.046103837945281612e+01 2.030000000000000000e+02
5.705705705705705810e+01 5.465452626435683214e+01 2.480000000000000000e+02
5.725725725725725823e+01 6.900966126741502649e+01 2.420000000000000000e+02
5.745745745745745836e+01 9.466930596685119781e+01 2.260000000000000000e+02
5.765765765765765849e+01 -9.275761135653685585e+01 2.480000000000000000e+02
5.785785785785785862e+01 9.290725511531655911e+01 2.470000000000000000e+02
5.805805805805805875e+01 -8.872394435328514817e+01 2.150000000000000000e+02
5.825825825825825888e+01 6.492580342563994122e+01 2.180000000000000000e+02
5.845845845845845901e+01 -2.022315183556165152e+01 2.040000000000000000e+02
5.865865865865865914e+01 -7.313934929165340293e+01 2.390000000000000000e+02
5.885885885885885926e+01 -6.988498247534407426e+01 2.410000000000000000e+02
5.905905905905905939e+01 5.402774778242459774e+01 2.240000000000000000e+02
5.925925925925925952e+01 -3.295612970825997934e+01 2.260000000000000000e+02
5.945945945945945965e+01 6.856574739164992138e+01 2.480000000000000000e+02
5.965965965965965978e+01 -1.516071434241766269e+01 2.260000000000000000e+02
5.985985985985986702e+01 -1.537832231525641191e+00 2.320000000000000000e+02
6.006006006006006714e+01 8.141702976114459034e+01 2.040000000000000000e+02
6.026026026026026727e+01 -5.595304005007783843e+01 2.030000000000000000e+02
6.046046046046046740e+01 -1.356994964489490485e+01 2.430000000000000000e+02
6.066066066066066753e+01 -6.898094206155639085e+01 2.400000000000000000e+02
6.086086086086086766e+01 4.596629067324505513e+01 2.400000000000000000e+02
6.106106106106106779e+01 3.938024357950723697e+01 2.400000000000000000e+02
6.126126126126126792e+01 -3.312529314170957662e+01 2.080000000000000000e+02
6.146146146146146805e+01 -8.297904580318594014e+01 2.290000000000000000e+02
6.166166166166166818e+01 -2.581863089130817457e+01 2.260000000000000000e+02
6.186186186186186831e+01 -8.607002852068892196e+01 2.360000000000000000e+02
6.206206206206206843e+01 -1.555858224042698623e+01 2.430000000000000000e+02
6.226226226226226856e+01 -6.886374369055694444e+01 2.380000000000000000e+02
6.246246246246246869e+01 -9.618130428854874481e+01 2.350000000000000000e+02
6.266266266266266882e+01 1.655922045857730041e+01 2.160000000000000000e+02
6.286286286286286895e+01 6.908879982925543572e+01 2.230000000000000000e+02
6.306306306306306908e+01 -6.715169227879000857e+01 2.340000000000000000e+02
6.326326326326326921e+01 3.513785088182970640e+00 2.030000000000000000e+02
6.346346346346346934e+01 -9.575546170326778395e+01 2.350000000000000000e+02
6.366366366366366947e+01 7.181551408989187735e+01 2.200000000000000000e+02
6.386386386386386960e+01 4.742720954093832120e+01 2.380000000000000000e+02
6.406406406406406973e+01 -1.994858997098532427e+01 2.400000000000000000e+02
6.426426426426426985e+01 -7.116827289513665278e+00 2.270000000000000000e+02
6.446446446446446998e+01 -7.151097677763081606e+01 2.260000000000000000e+02
6.466466466466467011e+01 4.553926883940854964e+01 2.070000000000000000e+02
6.486486486486487024e+01 9.479638673116281211e+01 2.030000000000000000e+02
6.506506506506507037e+01 -5.684311126087870747e+01 2.130000000000000000e+02
6.526526526526527050e+01 3.654084134714057086e+01 2.230000000000000000e+02
6.546546546546547063e+01 8.192310637461574174e+01 2.060000000000000000e+02
6.566566566566567076e+01 -9.522728430626563068e+01 2.380000000000000000e+02
6.586586586586587089e+01 1.466658363556692279e+01 2.050000000000000000e+02
6.606606606606607102e+01 -2.146395823466677655e+01 2.030000000000000000e+02
6.626626626626627115e+01 -2.880532780394288750e+01 2.430000000000000000e+02
6.646646646646647127e+01 -9.272216862260935955e+01 2.240000000000000000e+02
6.666666666666667140e+01 -3.699433258998321605e+01 2.060000000000000000e+02
6.686686686686687153e+01 4.691555883084157585e+01 2.490000000000000000e+02
6.706706706706707166e+01 -8.154183004733195617e+01 2.330000000000000000e+02
6.726726726726727179e+01 2.138616143864877017e+01 2.200000000000000000e+02
6.746746746746747192e+01 5.091222335547428202e+01 2.070000000000000000e+02
6.766766766766767205e+01 5.004149658874479201e+01 2.000000000000000000e+02
6.786786786786787218e+01 6.901643779775969278e+01 2.130000000000000000e+02
6.806806806806807231e+01 -4.197565856428808928e+01 2.070000000000000000e+02
6.826826826826827244e+01 3.301473520809307161e+01 2.460000000000000000e+02
6.846846846846847257e+01 -2.182060546385329758e+01 2.010000000000000000e+02
6.866866866866867269e+01 -6.227664700271255782e+01 2.310000000000000000e+02
6.886886886886887282e+01 4.341315603381016786e+01 2.120000000000000000e+02
6.906906906906907295e+01 -8.184910195241653241e+01 2.440000000000000000e+02
6.926926926926927308e+01 -1.338497802824318228e+01 2.310000000000000000e+02
6.946946946946947321e+01 -2.272430399012827706e+01 2.360000000000000000e+02
6.966966966966967334e+01 -7.598007314596637229e+01 2.310000000000000000e+02
6.986986986986987347e+01 5.340271794094365987e+01 2.060000000000000000e+02
7.007007007007007360e+01 3.027412560224399840e+01 2.440000000000000000e+02
7.027027027027027373e+01 5.888275745187826260e+01 2.400000000000000000e+02
7.047047047047047386e+01 1.130437314185627429e+00 2.100000000000000000e+02
7.067067067067067399e+01 4.584205003435985759e+01 2.230000000000000000e+02
7.087087087087087411e+01 -7.270397127657861347e+01 2.450000000000000000e+02
7.107107107107107424e+01 -7.773310474579655249e+01 2.490000000000000000e+02
7.127127127127127437e+01 1.841409850508472346e+01 2.490000000000000000e+02
7.147147147147147450e+01 -3.684557214217789323e+01 2.110000000000000000e+02
7.167167167167167463e+01 -9.052038384511749314e+01 2.410000000000000000e+02
7.187187187187187476e+01 -2.205557847891188317e+01 2.190000000000000000e+02
7.207207207207207489e+01 1.338845111384534903e+01 2.150000000000000000e+02
7.227227227227227502e+01 5.750727533016592474e+01 2.420000000000000000e+02
7.247247247247247515e+01 1.071173874946300941e+01 2.190000000000000000e+02
7.267267267267267528e+01 -1.003922137357461963e+01 2.340000000000000000e+02
7.287287287287287540e+01 -8.542801818749083509e+01 2.340000000000000000e+02
7.307307307307307553e+01 -7.243490548053448208e+01 2.360000000000000000e+02
7.327327327327327566e+01 -7.640336019060829642e+01 2.450000000000000000e+02
7.347347347347347579e+01 -9.837951483870857317e+01 2.210000000000000000e+02
7.367367367367367592e+01 -3.069598816374912076e+01 2.220000000000000000e+02
7.387387387387387605e+01 -4.796515946660231577e+01 2.390000000000000000e+02
7.407407407407407618e+01 9.925671997240033306e+01 2.300000000000000000e+02
7.427427427427427631e+01 -4.241780418163916266e+01 2.030000000000000000e+02
7.447447447447447644e+01 -5.031254336826172135e+01 2.190000000000000000e+02
7.467467467467467657e+01 8.597862910145920523e+01 2.190000000000000000e+02
7.487487487487487670e+01 3.145702590881839456e+01 2.450000000000000000e+02
7.507507507507507682e+01 2.874136743070323519e+01 2.330000000000000000e+02
7.527527527527527695e+01 -2.994398459994485506e+01 2.490000000000000000e+02
7.547547547547547708e+01 3.460474593828203638e+01 2.400000000000000000e+02
7.567567567567567721e+01 7.306880844029802802e+01 2.110000000000000000e+02
7.587587587587587734e+01 7.013133966784769768e+01 2.290000000000000000e+02
7.607607607607607747e+01 -8.656286889252710637e+01 2.260000000000000000e+02
7.627627627627627760e+01 -9.613490543954692669e+01 2.410000000000000000e+02
7.647647647647647773e+01 7.490803388481839420e+01 2.310000000000000000e+02
7.667667667667667786e+01 9.498899885551944067e+01 2.350000000000000000e+02
7.687687687687687799e+01 2.030662125364470683e+01 2.350000000000000000e+02
7.707707707707707812e+01 -8.502685708006715970e+01 2.160000000000000000e+02
7.727727727727727824e+01 -9.973547946146138088e+01 2.120000000000000000e+02
7.747747747747747837e+01 6.657128546557328264e+01 2.250000000000000000e+02
7.767767767767767850e+01 3.251037159790243436e+01 2.380000000000000000e+02
7.787787787787787863e+01 3.237861100005275716e+00 2.060000000000000000e+02
7.807807807807807876e+01 -5.122317933054165451e+01 2.480000000000000000e+02
7.827827827827827889e+01 6.576856642049145307e+01 2.470000000000000000e+02
7.847847847847847902e+01 -9.647605328233721877e+01 2.010000000000000000e+02
7.867867867867867915e+01 1.338191872802001114e+01 2.150000000000000000e+02
7.887887887887887928e+01 -8.855595612274747452e+01 2.090000000000000000e+02
7.907907907907907941e+01 9.211854370950663906e+01 2.380000000000000000e+02
7.927927927927927954e+01 -7.682719782011089649e+01 2.400000000000000000e+02
7.947947947947947966e+01 -4.474998406614913904e+01 2.430000000000000000e+02
7.967967967967967979e+01 7.597803773511472514e+01 2.250000000000000000e+02
7.987987987987987992e+01 -8.266681604865581789e+01 2.100000000000000000e+02
8.008008008008008005e+01 9.713003799810431360e+01 2.250000000000000000e+02
8.028028028028028018e+01 -6.520383994785899517e+01 2.340000000000000000e+02
8.048048048048048031e+01 2.606139175045048262e+01 2.060000000000000000e+02
8.068068068068068044e+01 6.323111384108258903e+01 2.230000000000000000e+02
8.088088088088088057e+01 9.715010004361107576e+01 2.020000000000000000e+02
8.108108108108108070e+01 -7.273482300733320471e+00 2.000000000000000000e+02
8.128128128128128083e+01 5.836901653741466589e+01 2.120000000000000000e+02
8.148148148148148096e+01 6.897978804299938815e+01 2.470000000000000000e+02
8.168168168168168108e+01 5.822270632621641084e+01 2.160000000000000000e+02
8.188188188188188121e+01 -4.805124802824429509e+01 2.070000000000000000e+02
8.208208208208208134e+01 7.955276206518428239e+01 2.160000000000000000e+02
8.228228228228228147e+01 -8.937277391513802627e+01 2.030000000000000000e+02
8.248248248248248160e+01 -8.133821369858446815e+01 2.290000000000000000e+02
8.268268268268268173e+01 7.814352624457649199e+01 2.340000000000000000e+02
8.288288288288288186e+01 8.479020642851355660e+01 2.040000000000000000e+02
8.308308308308308199e+01 6.325279556881608301e+01 2.250000000000000000e+02
8.328328328328328212e+01 4.004087546469719427e+01 2.240000000000000000e+02
8.348348348348348225e+01 5.176330810384112624e+01 2.210000000000000000e+02
8.368368368368368237e+01 6.360784976787761025e+01 2.270000000000000000e+02
8.388388388388388250e+01 -2.817388460759077873e+01 2.020000000000000000e+02
8.408408408408408263e+01 1.991503496549242413e+01 2.120000000000000000e+02
8.428428428428428276e+01 7.913372352196739712e+01 2.370000000000000000e+02
8.448448448448448289e+01 9.531583497637529945e+01 2.220000000000000000e+02
8.468468468468468302e+01 -1.739714510280347781e+01 2.000000000000000000e+02
8.488488488488488315e+01 -9.212299251928416766e+01 2.140000000000000000e+02
8.508508508508508328e+01 -1.160090868001522324e+01 2.080000000000000000e+02
8.528528528528528341e+01 3.089113511589636119e+01 2.000000000000000000e+02
8.548548548548549775e+01 6.947377372852477606e+01 2.000000000000000000e+02
8.568568568568569788e+01 -5.996072899222815522e+01 2.440000000000000000e+02
8.588588588588589801e+01 -3.352879583896701376e+01 2.120000000000000000e+02
8.608608608608609813e+01 2.476520958450993248e+01 2.190000000000000000e+02
8.628628628628629826e+01 9.382068418671661902e+01 2.190000000000000000e+02
8.648648648648649839e+01 -3.152829947684637091e+01 2.130000000000000000e+02
8.668668668668669852e+01 2.014311781661983503e+01 2.380000000000000000e+02
8.688688688688689865e+01 -9.738862660801217430e+00 2.430000000000000000e+02
8.708708708708709878e+01 -7.684745492524096733e+01 2.450000000000000000e+02
8.728728728728729891e+01 -2.261942521214932356e+01 2.380000000000000000e+02
8.748748748748749904e+01 -8.394663373352879887e+01 2.430000000000000000e+02
8.768768768768769917e+01 -6.329407845543948241e+01 2.230000000000000000e+02
8.788788788788789930e+01 7.038964909783408075e+01 2.210000000000000000e+02
8.808808808808809943e+01 7.387683700666849518e+01 2.190000000000000000e+02
8.828828828828829955e+01 -3.465845304236279389e+01 2.370000000000000000e+02
8.848848848848849968e+01 7.765375585657903912e+01 2.120000000000000000e+02
8.868868868868869981e+01 7.995447953622695536e+01 2.040000000000000000e+02
8.888888888888889994e+01 -1.505672222623235257e+01 2.310000000000000000e+02
8.908908908908910007e+01 5.674159197130720145e+01 2.400000000000000000e+02
8.928928928928930020e+01 1.576040359643111799e+01 2.390000000000000000e+02
8.948948948948950033e+01 -6.401541507071364379e+01 2.380000000000000000e+02
8.968968968968970046e+01 -2.884842589072778196e+01 2.150000000000000000e+02
8.988988988988990059e+01 1.558032392601546690e+00 2.260000000000000000e+02
9.009009009009010072e+01 7.679427051507252600e+01 2.460000000000000000e+02
9.029029029029030085e+01 -7.775789632649542682e+01 2.020000000000000000e+02
9.049049049049050097e+01 9.230816371884614568e+01 2.260000000000000000e+02
9.069069069069070110e+01 3.430693187312584769e+01 2.100000000000000000e+02
9.089089089089090123e+01 3.066434863194132276e+01 2.420000000000000000e+02
9.109109109109110136e+01 8.720031057107422612e+01 2.180000000000000000e+02
9.129129129129130149e+01 3.248851281903390031e+01 2.180000000000000000e+02
9.149149149149150162e+01 -1.566246680632346511e+00 2.240000000000000000e+02
9.169169169169170175e+01 -6.914427597870451336e+01 2.320000000000000000e+02
9.189189189189190188e+01 8.614860125959035031e+01 2.140000000000000000e+02
9.209209209209210201e+01 2.710896224023981915e+01 2.100000000000000000e+02
9.229229229229230214e+01 2.405424868825762985e+01 2.140000000000000000e+02
9.249249249249250227e+01 -1.533702102153796432e+00 2.400000000000000000e+02
9.269269269269270239e+01 -9.480263369191956713e+01 2.030000000000000000e+02
9.289289289289290252e+01 2.729111370167356654e+01 2.400000000000000000e+02
9.309309309309310265e+01 -6.154193741653302396e+01 2.360000000000000000e+02
9.329329329329330278e+01 2.980298804335279783e+01 2.180000000000000000e+02
9.349349349349350291e+01 -9.188889822171057631e+01 2.310000000000000000e+02
9.369369369369370304e+01 4.383775354053577189e+01 2.030000000000000000e+02
9.389389389389390317e+01 -6.878551194283497239e+01 2.210000000000000000e+02
9.409409409409410330e+01 -8.148493617495034869e+00 2.460000000000000000e+02
9.429429429429430343e+01 4.788580426227292719e+01 2.350000000000000000e+02
9.449449449449450356e+01 -2.194972251036210764e+01 2.460000000000000000e+02
9.469469469469470368e+01 7.292809537271966747e+01 2.090000000000000000e+02
9.489489489489490381e+01 8.147197762479291328e+01 2.110000000000000000e+02
9.509509509509510394e+01 -5.404047573834503737e+00 2.080000000000000000e+02
9.529529529529530407e+01 -4.133744414988926508e+01 2.490000000000000000e+02
9.549549549549550420e+01 -5.381425402342043895e+01 2.210000000000000000e+02
9.569569569569570433e+01 -1.743740176330037173e+01 2.360000000000000000e+02
9.589589589589590446e+01 1.218579170528293787e+01 2.110000000000000000e+02
9.609609609609610459e+01 8.780711911003845671e+01 2.460000000000000000e+02
9.629629629629630472e+01 1.255265293417195949e+00 2.030000000000000000e+02
9.649649649649650485e+01 -2.515937141471857785e+01 2.010000000000000000e+02
9.669669669669670498e+01 -6.671478405742561790e+01 2.030000000000000000e+02
9.689689689689690510e+01 5.775243024980932205e+01 2.460000000000000000e+02
9.709709709709710523e+01 7.081862606928322634e+01 2.070000000000000000e+02
9.729729729729730536e+01 -9.269346994805782458e+01 2.460000000000000000e+02
9.749749749749750549e+01 3.861837113391425191e+01 2.480000000000000000e+02
9.769769769769770562e+01 2.330232040268107596e+01 2.200000000000000000e+02
9.789789789789790575e+01 1.833537050460385842e+01 2.450000000000000000e+02
9.809809809809810588e+01 -2.100185553299911589e+01 2.480000000000000000e+02
9.829829829829830601e+01 2.582942642618408513e+01 2.000000000000000000e+02
9.849849849849850614e+01 -7.869911165230425354e+01 2.400000000000000000e+02
9.869869869869870627e+01 2.631675186998698734e+01 2.450000000000000000e+02
9.889889889889890640e+01 -2.060423750957906464e+01 2.410000000000000000e+02
9.909909909909910652e+01 -7.054465019367745526e+01 2.180000000000000000e+02
9.929929929929930665e+01 9.841390637351523196e+00 2.300000000000000000e+02
9.949949949949950678e+01 6.544782527496838043e+01 2.110000000000000000e+02
9.969969969969970691e+01 6.264365053233487401e+01 2.230000000000000000e+02
9.989989989989990704e+01 3.173853822891891241e+01 2.330000000000000000e+02
1.001001001001001072e+02 -1.874702557207550058e+01 2.000000000000000000e+02
1.003003003003003073e+02 7.393668973943431411e+01 2.100000000000000000e+02
1.005005005005005074e+02 -2.004805584354909342e+01 2.270000000000000000e+02
1.007007007007007076e+02 -7.750930113276919542e+01 2.090000000000000000e+02
1.009009009009009077e+02 6.064147514043963838e+01 2.020000000000000000e+02
1.011011011011011078e+02 3.304961775389853074e+01 2.450000000000000000e+02
1.013013013013013079e+02 3.305077665433637435e+01 2.230000000000000000e+02
1.015015015015015081e+02 1.927413566066920225e+01 2.280000000000000000e+02
1.017017017017017082e+02 5.841918662662030215e+01 2.230000000000000000e+02
1.019019019019019083e+02 -5.714166390965471720e+01 2.430000000000000000e+02
1.021021021021021085e+02 -2.718831782017463183e+01 2.150000000000000000e+02
1.023023023023023086e+02 7.891040013243645035e+01 2.220000000000000000e+02
1.025025025025025087e+02 -6.442510922532740381e+01 2.180000000000000000e+02
1.027027027027027088e+02 -8.743540309554586543e+01 2.460000000000000000e+02
1.029029029029029090e+02 -1.895309972084709216e+01 2.070000000000000000e+02
1.031031031031031091e+02 -3.734115468305688523e+00 2.020000000000000000e+02
1.033033033033033092e+02 -1.167157258016908372e+01 2.400000000000000000e+02
1.035035035035035094e+02 -9.751937333624390192e+01 2.480000000000000000e+02
1.037037037037037095e+02 -8.166413699395027948e+01 2.200000000000000000e+02
1.039039039039039096e+02 5.011714234442464999e+01 2.230000000000000000e+02
1.041041041041041098e+02 -1.016340576518190630e+01 2.040000000000000000e+02
1.043043043043043099e+02 5.331926595898249843e+01 2.090000000000000000e+02
1.045045045045045100e+02 3.346506495268391745e+01 2.210000000000000000e+02
1.047047047047047101e+02 -7.166255652797602238e+00 2.160000000000000000e+02
1.049049049049049103e+02 -6.457426028787733685e+01 2.380000000000000000e+02
1.051051051051051104e+02 -4.035918596879808717e+01 2.280000000000000000e+02
1.053053053053053105e+02 1.934846928503742447e+01 2.240000000000000000e+02
1.055055055055055107e+02 -1.949269420816260379e+01 2.370000000000000000e+02
1.057057057057057108e+02 1.190247466936318688e+01 2.480000000000000000e+02
1.059059059059059109e+02 3.729683975371250426e+01 2.290000000000000000e+02
1.061061061061061110e+02 -9.962123379994210381e+00 2.050000000000000000e+02
1.063063063063063112e+02 9.039831681857802437e+01 2.310000000000000000e+02
1.065065065065065113e+02 1.328773876470478399e+00 2.110000000000000000e+02
1.067067067067067114e+02 -5.291039342308587834e+01 2.430000000000000000e+02
1.069069069069069116e+02 -3.446425112855004613e+01 2.100000000000000000e+02
1.071071071071071117e+02 -7.618649271717819715e+01 2.400000000000000000e+02
1.073073073073073118e+02 -4.066543932907850945e+01 2.440000000000000000e+02
1.075075075075075119e+02 -2.371773852553343431e+01 2.010000000000000000e+02
1.077077077077077121e+02 -4.146771197905245998e+01 2.220000000000000000e+02
1.079079079079079122e+02 3.116366511836199038e+01 2.060000000000000000e+02
1.081081081081081123e+02 4.171999809516054825e+01 2.160000000000000000e+02
1.083083083083083125e+02 -9.611550102477141877e+01 2.370000000000000000e+02
1.085085085085085126e+02 7.475380226804603012e+01 2.450000000000000000e+02
1.087087087087087127e+02 8.104130357845593835e+01 2.140000000000000000e+02
1.089089089089089128e+02 -6.467031040667143316e+01 2.180000000000000000e+02
1.091091091091091130e+02 6.467989068581201195e+01 2.050000000000000000e+02
1.093093093093093131e+02 -8.927587928781011328e+01 2.260000000000000000e+02
1.095095095095095132e+02 7.627441694849451892e+01 2.190000000000000000e+02
1.097097097097097134e+02 6.753775923257191494e+01 2.200000000000000000e+02
1.099099099099099135e+02 1.825084619535326169e+01 2.210000000000000000e+02
1.101101101101101136e+02 5.547229166582988569e+01 2.010000000000000000e+02
1.103103103103103138e+02 2.208621194328772219e+01 2.060000000000000000e+02
1.105105105105105139e+02 3.831743852724133603e+01 2.030000000000000000e+02
1.107107107107107140e+02 6.504651945203619334e+00 2.160000000000000000e+02
1.109109109109109141e+02 4.288462457141270079e+01 2.100000000000000000e+02
1.111111111111111143e+02 -3.085830419226178378e+01 2.380000000000000000e+02
1.113113113113113144e+02 -4.158168343102908437e+01 2.260000000000000000e+02
1.115115115115115145e+02 -9.895518377886713779e+01 2.250000000000000000e+02
1.117117117117117147e+02 2.674645799123543100e+01 2.410000000000000000e+02
1.119119119119119148e+02 -9.799972811166614406e+01 2.250000000000000000e+02
1.121121121121121149e+02 -5.954172205863881118e+01 2.150000000000000000e+02
1.123123123123123150e+02 -2.777572971567164473e+01 2.320000000000000000e+02
1.125125125125125152e+02 -6.723369433067516354e+01 2.210000000000000000e+02
1.127127127127127153e+02 8.710718398686142905e+01 2.130000000000000000e+02
1.129129129129129154e+02 -8.396193257881748195e+01 2.190000000000000000e+02
1.131131131131131156e+02 9.381496987734482218e+01 2.440000000000000000e+02
1.133133133133133157e+02 -5.372830198051084238e+01 2.190000000000000000e+02
1.135135135135135158e+02 -4.632573049584538438e+01 2.320000000000000000e+02
1.137137137137137159e+02 -5.173290563744976822e+01 2.150000000000000000e+02
1.139139139139139161e+02 7.954049862469287291e+01 2.140000000000000000e+02
1.141141141141141162e+02 -6.740598333430355638e+01 2.080000000000000000e+02
1.143143143143143163e+02 4.413608126121985720e+01 2.000000000000000000e+02
1.145145145145145165e+02 -6.686515498214887998e+00 2.390000000000000000e+02
1.147147147147147166e+02 -6.634509743552953864e+00 2.330000000000000000e+02
1.149149149149149167e+02 -5.625983371044674186e+01 2.240000000000000000e+02
1.151151151151151169e+02 -8.436998976448441567e+01 2.250000000000000000e+02
1.153153153153153170e+02 -4.921209478620121303e+01 2.290000000000000000e+02
1.155155155155155171e+02 -5.487584397743836462e+01 2.290000000000000000e+02
1.157157157157157172e+02 7.071407282221824175e+01 2.480000000000000000e+02
1.159159159159159174e+02 -8.270053503459497790e+01 2.120000000000000000e+02
1.161161161161161175e+02 -3.285012537472159977e+01 2.340000000000000000e+02
1.163163163163163176e+02 5.961590484885877572e+01 2.140000000000000000e+02
1.165165165165165178e+02 7.315839771676382952e+01 2.000000000000000000e+02
1.167167167167167179e+02 -2.641994728967185324e+01 2.060000000000000000e+02
1.169169169169169180e+02 8.578208035981117519e+01 2.320000000000000000e+02
1.171171171171171181e+02 9.021207806503628035e+01 2.090000000000000000e+02
1.173173173173173183e+02 -3.143363598707713891e+01 2.460000000000000000e+02
1.175175175175175184e+02 5.786599525057266646e+01 2.030000000000000000e+02
1.177177177177177185e+02 -1.931871307713299757e+01 2.150000000000000000e+02
1.179179179179179187e+02 -8.986312412021962359e+01 2.090000000000000000e+02
1.181181181181181188e+02 -2.658518447845510480e+01 2.360000000000000000e+02
1.183183183183183189e+02 -9.532503271757515506e+01 2.480000000000000000e+02
1.185185185185185190e+02 4.906838181391177045e+01 2.350000000000000000e+02
1.187187187187187192e+02 1.609565277025977537e+01 2.380000000000000000e+02
1.189189189189189193e+02 -2.744822799195030427e+01 2.410000000000000000e+02
1.191191191191191194e+02 7.639727871215944788e+01 2.130000000000000000e+02
1.193193193193193196e+02 2.515256994855693051e+01 2.130000000000000000e+02
1.195195195195195197e+02 1.852912939060520614e+01 2.040000000000000000e+02
1.197197197197197340e+02 -1.575509614559973670e+01 2.040000000000000000e+02
1.199199199199199342e+02 7.674463231712240940e+01 2.410000000000000000e+02
1.201201201201201343e+02 7.675286851784662190e+01 2.150000000000000000e+02
1.203203203203203344e+02 3.120853101819727726e+01 2.460000000000000000e+02
1.205205205205205345e+02 8.524425039880017607e+01 2.150000000000000000e+02
1.207207207207207347e+02 -9.524416015805033453e+01 2.120000000000000000e+02
1.209209209209209348e+02 -8.966293496578047950e+01 2.340000000000000000e+02
1.211211211211211349e+02 6.399994486497632806e+00 2.040000000000000000e+02
1.213213213213213351e+02 -5.725872188210150426e+01 2.250000000000000000e+02
1.215215215215215352e+02 -3.047938386612611339e+01 2.000000000000000000e+02
1.217217217217217353e+02 5.833866580840037841e+00 2.210000000000000000e+02
1.219219219219219354e+02 9.141432635085465108e+01 2.420000000000000000e+02
1.221221221221221356e+02 4.279981507422348841e+01 2.490000000000000000e+02
1.223223223223223357e+02 8.058457305053480013e+01 2.460000000000000000e+02
1.225225225225225358e+02 -9.790849113927764336e+01 2.220000000000000000e+02
1.227227227227227360e+02 -2.367099755078558587e+01 2.100000000000000000e+02
1.229229229229229361e+02 -7.013851444006832025e+01 2.430000000000000000e+02
1.231231231231231362e+02 4.511394204402574815e+01 2.090000000000000000e+02
1.233233233233233364e+02 -6.886743007469434019e+01 2.240000000000000000e+02
1.235235235235235365e+02 4.917145831097781183e+01 2.240000000000000000e+02
1.237237237237237366e+02 -1.266957574555209476e+01 2.390000000000000000e+02
1.239239239239239367e+02 1.077054061045828348e+00 2.460000000000000000e+02
1.241241241241241369e+02 5.768124177752440573e+01 2.450000000000000000e+02
1.243243243243243370e+02 7.424544097770561280e+01 2.300000000000000000e+02
1.245245245245245371e+02 -2.916385289400352576e+00 2.490000000000000000e+02
1.247247247247247373e+02 9.057346930825039522e+01 2.090000000000000000e+02
1.249249249249249374e+02 -8.053672272160032719e+01 2.270000000000000000e+02
1.251251251251251375e+02 2.751642024385563445e+01 2.150000000000000000e+02
1.253253253253253376e+02 7.609219085829005280e+01 2.300000000000000000e+02
1.255255255255255378e+02 -5.766229844954975192e+01 2.260000000000000000e+02
1.257257257257257379e+02 1.775204588674284878e+00 2.120000000000000000e+02
1.259259259259259380e+02 -9.607333221644336163e+01 2.080000000000000000e+02
1.261261261261261382e+02 -8.188972919189991728e+01 2.300000000000000000e+02
1.263263263263263383e+02 9.886841226167888408e+01 2.060000000000000000e+02
1.265265265265265384e+02 5.215557414363439648e+01 2.090000000000000000e+02
1.267267267267267385e+02 -1.397740511725702106e+01 2.470000000000000000e+02
1.269269269269269387e+02 6.330358547610376263e+01 2.440000000000000000e+02
1.271271271271271388e+02 7.937119410810262821e+01 2.270000000000000000e+02
1.273273273273273389e+02 -6.767792057560953367e+00 2.070000000000000000e+02
1.275275275275275391e+02 -4.505430292557728222e+01 2.350000000000000000e+02
1.277277277277277392e+02 -9.634581702943214054e+01 2.460000000000000000e+02
1.279279279279279393e+02 1.692842844379978828e+01 2.470000000000000000e+02
1.281281281281281395e+02 -6.019350068421695710e+01 2.440000000000000000e+02
1.283283283283283254e+02 -5.118748027944568690e+01 2.000000000000000000e+02
1.285285285285285397e+02 2.189222925759240468e+01 2.090000000000000000e+02
1.287287287287287256e+02 9.123463546731906604e+01 2.160000000000000000e+02
1.289289289289289400e+02 6.369772757623906045e+01 2.360000000000000000e+02
1.291291291291291259e+02 4.041973548845157893e+01 2.080000000000000000e+02
1.293293293293293402e+02 9.281168740198469891e+01 2.400000000000000000e+02
1.295295295295295261e+02 -6.200732533680096026e+00 2.280000000000000000e+02
1.297297297297297405e+02 8.216386213419764317e+01 2.410000000000000000e+02
1.299299299299299264e+02 3.118996548077083730e+01 2.450000000000000000e+02
1.301301301301301407e+02 6.858118591530109143e+01 2.130000000000000000e+02
1.303303303303303267e+02 8.387549279064919006e+01 2.460000000000000000e+02
1.305305305305305410e+02 -7.125074599418010735e+01 2.250000000000000000e+02
1.307307307307307269e+02 9.984224750468368370e+01 2.380000000000000000e+02
1.309309309309309413e+02 1.620324624858847073e+01 2.210000000000000000e+02
1.311311311311311272e+02 6.253612472020122937e+01 2.410000000000000000e+02
1.313313313313313415e+02 -9.290494908728454959e+01 2.200000000000000000e+02
1.315315315315315274e+02 1.468253312554219292e+01 2.190000000000000000e+02
1.317317317317317418e+02 -2.213847047844093652e+01 2.490000000000000000e+02
1.319319319319319277e+02 -7.129301736837024350e+01 2.430000000000000000e+02
1.321321321321321420e+02 -3.188944112656162133e+01 2.010000000000000000e+02
1.323323323323323280e+02 -8.865021305958069320e+01 2.230000000000000000e+02
1.325325325325325423e+02 -7.311097128664027878e+01 2.330000000000000000e+02
1.327327327327327282e+02 9.091002015342635900e+01 2.060000000000000000e+02
1.329329329329329425e+02 -3.967236333763575118e+01 2.480000000000000000e+02
1.331331331331331285e+02 1.892226722532559791e+01 2.340000000000000000e+02
1.333333333333333428e+02 9.077037017802666696e+00 2.050000000000000000e+02
1.335335335335335287e+02 -5.340816194938881978e+01 2.470000000000000000e+02
1.337337337337337431e+02 -1.463640507776662503e+01 2.310000000000000000e+02
1.339339339339339290e+02 -6.592328693723970900e+01 2.190000000000000000e+02
1.341341341341341433e+02 5.603651638244539868e+01 2.160000000000000000e+02
1.343343343343343292e+02 8.624943059159576819e+00 2.210000000000000000e+02
1.345345345345345436e+02 4.108103772182766988e+01 2.070000000000000000e+02
1.347347347347347295e+02 -8.818808335061660841e+01 2.020000000000000000e+02
1.349349349349349438e+02 -8.824120355493943180e+01 2.350000000000000000e+02
1.351351351351351298e+02 1.813076750659752179e+01 2.430000000000000000e+02
1.353353353353353441e+02 5.059752762746057897e+01 2.460000000000000000e+02
1.355355355355355300e+02 -3.395265130023643962e+01 2.310000000000000000e+02
1.357357357357357444e+02 3.745287073222812069e+01 2.420000000000000000e+02
1.359359359359359303e+02 1.856353404546615593e+01 2.290000000000000000e+02
1.361361361361361446e+02 1.842616941454807034e+01 2.050000000000000000e+02
1.363363363363363305e+02 2.526078788435040678e+01 2.370000000000000000e+02
1.365365365365365449e+02 -4.846643264879055835e+01 2.080000000000000000e+02
1.367367367367367592e+02 -1.444998574864632701e+01 2.300000000000000000e+02
1.369369369369369451e+02 2.183620134049806438e+01 2.400000000000000000e+02
1.371371371371371595e+02 -5.169766920991922632e+01 2.460000000000000000e+02
1.373373373373373454e+02 -3.381696627542218891e+01 2.400000000000000000e+02
1.375375375375375597e+02 -7.958846111030020154e+01 2.480000000000000000e+02
1.377377377377377456e+02 1.225515290662622192e+01 2.050000000000000000e+02
1.379379379379379600e+02 -7.300745620192952856e+01 2.140000000000000000e+02
1.381381381381381459e+02 -4.161643845827711630e-02 2.070000000000000000e+02
1.383383383383383602e+02 -1.793751589912901068e+00 2.120000000000000000e+02
1.385385385385385462e+02 3.185831693585768676e+01 2.070000000000000000e+02
1.387387387387387605e+02 2.905704397890733048e+01 2.460000000000000000e+02
1.389389389389389464e+02 9.453671210283047799e+01 2.170000000000000000e+02
1.391391391391391608e+02 9.378468072836867009e+00 2.200000000000000000e+02
1.393393393393393467e+02 5.679486374298528517e+01 2.070000000000000000e+02
1.395395395395395610e+02 -4.631693733290109805e+01 2.250000000000000000e+02
1.397397397397397469e+02 7.691369092889982539e+01 2.190000000000000000e+02
1.399399399399399613e+02 -5.686976475786285334e+01 2.270000000000000000e+02
1.401401401401401472e+02 -2.705536234026911302e+01 2.420000000000000000e+02
1.403403403403403615e+02 6.093503557130031822e+01 2.250000000000000000e+02
1.405405405405405475e+02 -6.321903791550025176e+01 2.000000000000000000e+02
1.407407407407407618e+02 7.136010646657848611e+01 2.030000000000000000e+02
1.409409409409409477e+02 -2.673401797120943968e+01 2.380000000000000000e+02
1.411411411411411621e+02 -9.600338923517806222e+01 2.330000000000000000e+02
1.413413413413413480e+02 -3.946759393521974602e+01 2.070000000000000000e+02
1.415415415415415623e+02 1.424615243386369912e+00 2.380000000000000000e+02
1.417417417417417482e+02 4.687186897283294229e+01 2.040000000000000000e+02
1.419419419419419626e+02 9.765910856354909697e+01 2.160000000000000000e+02
1.421421421421421485e+02 5.874426180300648070e+01 2.350000000000000000e+02
1.423423423423423628e+02 9.391552868380017571e+01 2.200000000000000000e+02
1.425425425425425487e+02 4.495283965021189942e+01 2.160000000000000000e+02
1.427427427427427631e+02 9.718762404293460122e+01 2.360000000000000000e+02
1.429429429429429490e+02 -1.609246638132511009e+01 2.030000000000000000e+02
1.431431431431431633e+02 -8.607254105606769201e+01 2.440000000000000000e+02
1.433433433433433493e+02 -3.374779187828025329e+01 2.360000000000000000e+02
1.435435435435435636e+02 -4.984920293478523945e+00 2.260000000000000000e+02
1.437437437437437495e+02 3.626816558397706558e+01 2.200000000000000000e+02
1.439439439439439639e+02 3.590259107551170814e+01 2.280000000000000000e+02
1.441441441441441498e+02 8.302219340881819676e+01 2.090000000000000000e+02
1.443443443443443641e+02 -5.987881500508864718e+01 2.410000000000000000e+02
1.445445445445445500e+02 -8.366671425683645680e+01 2.120000000000000000e+02
1.447447447447447644e+02 -6.015052883700020914e+01 2.200000000000000000e+02
1.449449449449449503e+02 8.113763929855613810e+01 2.230000000000000000e+02
1.451451451451451646e+02 -8.337587139319033724e+01 2.450000000000000000e+02
1.453453453453453506e+02 -6.098118419104906707e+00 2.430000000000000000e+02
1.455455455455455649e+02 1.486191134617300236e+00 2.110000000000000000e+02
1.457457457457457508e+02 8.613009731067725738e+01 2.190000000000000000e+02
1.459459459459459651e+02 -1.548522636006201481e+01 2.430000000000000000e+02
1.461461461461461511e+02 -6.309101591695777955e+01 2.410000000000000000e+02
1.463463463463463654e+02 -8.975287733736820428e+01 2.440000000000000000e+02
1.465465465465465513e+02 -7.958954126614699476e+01 2.000000000000000000e+02
1.467467467467467657e+02 -4.791444885190778535e+01 2.180000000000000000e+02
1.469469469469469516e+02 9.191322215120635519e+01 2.190000000000000000e+02
1.471471471471471659e+02 -4.278588289654341281e+01 2.140000000000000000e+02
1.473473473473473518e+02 -7.732893244935851840e+01 2.330000000000000000e+02
1.475475475475475662e+02 6.227290834272446318e+01 2.140000000000000000e+02
1.477477477477477521e+02 3.149594584781033291e+01 2.140000000000000000e+02
1.479479479479479664e+02 9.269080070736066546e+01 2.440000000000000000e+02
1.481481481481481524e+02 1.675967991530310996e+01 2.380000000000000000e+02
1.483483483483483667e+02 9.967981024953252245e+01 2.140000000000000000e+02
1.485485485485485526e+02 3.721439043899275134e+01 2.190000000000000000e+02
1.487487487487487670e+02 9.800051824200716055e+01 2.310000000000000000e+02
1.489489489489489529e+02 1.096303477094009793e+01 2.470000000000000000e+02
1.491491491491491672e+02 -7.304724220339274154e+01 2.030000000000000000e+02
1.493493493493493531e+02 -3.511774945548191340e+01 2.130000000000000000e+02
1.495495495495495675e+02 -9.420112167720138530e+01 2.230000000000000000e+02
1.497497497497497534e+02 -6.805639060500199378e+01 2.000000000000000000e+02
1.499499499499499677e+02 -4.575185200892121884e+00 2.300000000000000000e+02
1.501501501501501536e+02 7.825135763586109761e+01 2.390000000000000000e+02
1.503503503503503680e+02 -5.124459411320294322e+01 2.430000000000000000e+02
1.505505505505505539e+02 -1.472774799475158147e+01 2.370000000000000000e+02
1.507507507507507682e+02 5.396335044025619254e+00 2.130000000000000000e+02
1.509509509509509542e+02 3.374663627099636187e+01 2.320000000000000000e+02
1.511511511511511685e+02 3.614722057181938908e+01 2.160000000000000000e+02
1.513513513513513544e+02 -5.645282802872277728e+01 2.200000000000000000e+02
1.515515515515515688e+02 3.016322839876454509e+01 2.430000000000000000e+02
1.517517517517517547e+02 -5.623301909404050036e+01 2.280000000000000000e+02
1.519519519519519690e+02 8.551468582279844100e+01 2.140000000000000000e+02
1.521521521521521549e+02 3.564857869520841405e+01 2.110000000000000000e+02
1.523523523523523693e+02 9.499655667945557980e+01 2.000000000000000000e+02
1.525525525525525552e+02 -4.349746043924551486e+01 2.030000000000000000e+02
1.527527527527527695e+02 5.210298044180206034e+00 2.370000000000000000e+02
1.529529529529529555e+02 9.769637441723469351e+01 2.200000000000000000e+02
1.531531531531531698e+02 -3.996817757083744027e+01 2.420000000000000000e+02
1.533533533533533557e+02 7.568026395965196684e+01 2.090000000000000000e+02
1.535535535535535701e+02 9.567859758510567758e+01 2.490000000000000000e+02
1.537537537537537560e+02 -4.879091115059599559e+01 2.070000000000000000e+02
1.539539539539539703e+02 4.794415582470321624e+01 2.030000000000000000e+02
1.541541541541541562e+02 -9.496949472770172918e+01 2.000000000000000000e+02
1.543543543543543706e+02 -1.821276244070415373e+01 2.000000000000000000e+02
1.545545545545545565e+02 4.889141966771026659e+01 2.110000000000000000e+02
1.547547547547547708e+02 4.615791148937955768e+01 2.200000000000000000e+02
1.549549549549549567e+02 -3.635163296371155184e+01 2.220000000000000000e+02
1.551551551551551711e+02 1.550529860615614552e+01 2.280000000000000000e+02
1.553553553553553570e+02 -8.017938583849628742e+01 2.250000000000000000e+02
1.555555555555555713e+02 3.130351298921644343e+01 2.060000000000000000e+02
1.557557557557557573e+02 5.121147538581413983e+01 2.270000000000000000e+02
1.559559559559559716e+02 2.165304066406137906e+01 2.130000000000000000e+02
1.561561561561561575e+02 1.809239812332208430e+00 2.410000000000000000e+02
1.563563563563563719e+02 5.050276178963775919e+01 2.240000000000000000e+02
1.565565565565565578e+02 7.066044698385078959e+01 2.360000000000000000e+02
1.567567567567567721e+02 7.510967442027927632e+01 2.150000000000000000e+02
1.569569569569569580e+02 -5.436491840667245867e+01 2.030000000000000000e+02
1.571571571571571724e+02 -4.070616021242248195e+01 2.120000000000000000e+02
1.573573573573573583e+02 4.696737345608136138e+01 2.190000000000000000e+02
1.575575575575575726e+02 1.584109113019027859e+01 2.130000000000000000e+02
1.577577577577577586e+02 -2.546854693188716112e+01 2.490000000000000000e+02
1.579579579579579729e+02 9.285576539230206095e+01 2.010000000000000000e+02
1.581581581581581588e+02 7.799101533277226395e+01 2.120000000000000000e+02
1.583583583583583732e+02 -6.250889427672851895e+01 2.370000000000000000e+02
1.585585585585585591e+02 -4.513596396950965328e+01 2.340000000000000000e+02
1.587587587587587734e+02 -6.544881629309861637e+01 2.450000000000000000e+02
1.589589589589589593e+02 -6.999762621785279748e+01 2.080000000000000000e+02
1.591591591591591737e+02 9.665286530292434009e+00 2.120000000000000000e+02
1.593593593593593596e+02 2.383799719656565230e+00 2.280000000000000000e+02
1.595595595595595739e+02 -4.107674426317269223e+01 2.270000000000000000e+02
1.597597597597597598e+02 9.374949828446972333e+00 2.480000000000000000e+02
1.599599599599599742e+02 1.428660539763151860e+01 2.360000000000000000e+02
1.601601601601601601e+02 -8.371354423188586225e+01 2.380000000000000000e+02
1.603603603603603744e+02 1.097133194014699598e+01 2.240000000000000000e+02
1.605605605605605604e+02 2.785332158231403810e+01 2.140000000000000000e+02
1.607607607607607747e+02 -9.690344803918240757e+01 2.200000000000000000e+02
1.609609609609609606e+02 -2.103527995814189921e+01 2.320000000000000000e+02
1.611611611611611750e+02 1.932952816915445737e+01 2.350000000000000000e+02
1.613613613613613609e+02 -2.660347073844391730e+01 2.280000000000000000e+02
1.615615615615615752e+02 -5.229237796537471183e+01 2.420000000000000000e+02
1.617617617617617611e+02 -4.001697197078875234e+01 2.470000000000000000e+02
1.619619619619619755e+02 -8.142777290959372749e+01 2.030000000000000000e+02
1.621621621621621614e+02 -4.460970063481495629e+01 2.280000000000000000e+02
1.623623623623623757e+02 8.093168284629322784e+01 2.070000000000000000e+02
1.625625625625625617e+02 1.465268503622694141e+01 2.110000000000000000e+02
1.627627627627627760e+02 -3.571989141666853129e+01 2.020000000000000000e+02
1.629629629629629619e+02 2.729553961727009437e+01 2.250000000000000000e+02
1.631631631631631763e+02 -9.122359719713651316e+01 2.230000000000000000e+02
1.633633633633633622e+02 -8.814912648452902033e+01 2.140000000000000000e+02
1.635635635635635765e+02 -9.396635327559705786e+01 2.040000000000000000e+02
1.637637637637637624e+02 8.170880336906765251e+01 2.040000000000000000e+02
1.639639639639639768e+02 6.705530302374006624e+01 2.360000000000000000e+02
1.641641641641641627e+02 -2.437418040617755821e+01 2.270000000000000000e+02
1.643643643643643770e+02 -7.870183617674011600e+01 2.400000000000000000e+02
1.645645645645645629e+02 4.553244709143206137e+01 2.270000000000000000e+02
1.647647647647647773e+02 -5.873476970902515859e+01 2.260000000000000000e+02
1.649649649649649632e+02 -8.647607617286820414e+01 2.160000000000000000e+02
1.651651651651651775e+02 -1.027831850736093600e+01 2.290000000000000000e+02
1.653653653653653635e+02 9.017393024378199584e+01 2.360000000000000000e+02
1.655655655655655778e+02 7.063818952014730712e+01 2.230000000000000000e+02
1.657657657657657637e+02 -2.677825302071705948e+01 2.260000000000000000e+02
1.659659659659659781e+02 -5.481984155813559312e+01 2.080000000000000000e+02
1.661661661661661640e+02 -2.426607927078391924e+01 2.280000000000000000e+02
1.663663663663663783e+02 -7.998703037157517315e+01 2.330000000000000000e+02
1.665665665665665642e+02 -5.592868640032446592e+01 2.240000000000000000e+02
1.667667667667667786e+02 2.762983336262948342e+00 2.440000000000000000e+02
1.669669669669669645e+02 9.940998687992305349e+01 2.280000000000000000e+02
1.671671671671671788e+02 -9.805887249061564148e+01 2.110000000000000000e+02
1.673673673673673647e+02 -9.546546025994999241e+01 2.430000000000000000e+02
1.675675675675675791e+02 8.321173837756182934e+01 2.000000000000000000e+02
1.677677677677677650e+02 1.967745926296389314e+01 2.220000000000000000e+02
1.679679679679679793e+02 -1.867585591889489649e+01 2.140000000000000000e+02
1.681681681681681653e+02 -6.275472412161637692e+01 2.190000000000000000e+02
1.683683683683683796e+02 7.066742241475151332e+01 2.390000000000000000e+02
1.685685685685685655e+02 -1.658191163173847826e+01 2.110000000000000000e+02
1.687687687687687799e+02 -1.073229458260038882e+01 2.070000000000000000e+02
1.689689689689689658e+02 -9.224521910622802068e+01 2.470000000000000000e+02
1.691691691691691801e+02 2.299237516920653945e+01 2.400000000000000000e+02
1.693693693693693660e+02 -2.142981385662122307e+01 2.280000000000000000e+02
1.695695695695695804e+02 2.219363843869443542e+01 2.390000000000000000e+02
1.697697697697697663e+02 3.037475833847830131e+01 2.100000000000000000e+02
1.699699699699699806e+02 -6.001653871119110306e+01 2.250000000000000000e+02
1.701701701701701666e+02 -2.658195419982418173e+01 2.460000000000000000e+02
1.703703703703703809e+02 9.463428028411490800e+01 2.310000000000000000e+02
1.705705705705705668e+02 1.653369642877606793e-01 2.320000000000000000e+02
1.707707707707707812e+02 4.594791019252528486e+01 2.140000000000000000e+02
1.709709709709709955e+02 7.248942765318409442e+01 2.060000000000000000e+02
1.711711711711711814e+02 -1.067387445439433691e+01 2.110000000000000000e+02
1.713713713713713958e+02 5.512280726052105706e+01 2.140000000000000000e+02
1.715715715715715817e+02 7.295841921502056948e+01 2.300000000000000000e+02
1.717717717717717960e+02 3.820667328362603143e+01 2.440000000000000000e+02
1.719719719719719819e+02 -2.349674034863127758e+01 2.160000000000000000e+02
1.721721721721721963e+02 4.135177031187316743e+01 2.250000000000000000e+02
1.723723723723723822e+02 3.261714523656621623e+00 2.120000000000000000e+02
1.725725725725725965e+02 -8.678491160709754126e+01 2.100000000000000000e+02
1.727727727727727824e+02 -2.181674895562382233e+01 2.410000000000000000e+02
1.729729729729729968e+02 9.860780608246585643e+01 2.330000000000000000e+02
1.731731731731731827e+02 9.178201205350484315e+01 2.140000000000000000e+02
1.733733733733733970e+02 3.290048354399556274e+01 2.140000000000000000e+02
1.735735735735735830e+02 7.565284594256928585e+01 2.220000000000000000e+02
1.737737737737737973e+02 -4.409342059314009532e+01 2.110000000000000000e+02
1.739739739739739832e+02 -3.998572535710323450e+00 2.220000000000000000e+02
1.741741741741741976e+02 -7.851458945050653426e+01 2.030000000000000000e+02
1.743743743743743835e+02 -5.738780528736593567e+01 2.360000000000000000e+02
1.745745745745745978e+02 -8.430127842220443313e+01 2.060000000000000000e+02
1.747747747747747837e+02 -5.719355094870215339e+01 2.070000000000000000e+02
1.749749749749749981e+02 -2.272997609678898812e+01 2.450000000000000000e+02
1.751751751751751840e+02 2.425276322160637221e+01 2.480000000000000000e+02
1.753753753753753983e+02 -2.523577339184504353e+01 2.290000000000000000e+02
1.755755755755755843e+02 -7.099143266447076428e+01 2.180000000000000000e+02
1.757757757757757986e+02 6.701446982866286817e+01 2.430000000000000000e+02
1.759759759759759845e+02 4.584377613734807255e+01 2.170000000000000000e+02
1.761761761761761989e+02 -1.684571166084563743e+01 2.380000000000000000e+02
1.763763763763763848e+02 -8.976996161915744210e+01 2.120000000000000000e+02
1.765765765765765991e+02 -1.661435307518888749e+01 2.130000000000000000e+02
1.767767767767767850e+02 6.593358739232184007e+01 2.110000000000000000e+02
1.769769769769769994e+02 -2.387251066155353385e+01 2.210000000000000000e+02
1.771771771771771853e+02 6.108238364529790942e+01 2.380000000000000000e+02
1.773773773773773996e+02 -4.332973523434282725e+01 2.210000000000000000e+02
1.775775775775775855e+02 9.440175964363035632e+01 2.260000000000000000e+02
1.777777777777777999e+02 1.828189317524871171e+01 2.010000000000000000e+02
1.779779779779779858e+02 -7.899750710432707024e+01 2.260000000000000000e+02
1.781781781781782001e+02 -8.944805162142381505e+01 2.320000000000000000e+02
1.783783783783783861e+02 -3.128410598469906745e+01 2.210000000000000000e+02
1.785785785785786004e+02 6.988613411567129674e+01 2.030000000000000000e+02
1.787787787787787863e+02 3.537981597735898731e+01 2.440000000000000000e+02
1.789789789789790007e+02 -9.851338069869338199e+01 2.180000000000000000e+02
1.791791791791791866e+02 1.021797161266120213e+01 2.130000000000000000e+02
1.793793793793794009e+02 8.357213528049746287e+01 2.190000000000000000e+02
1.795795795795795868e+02 4.652641971930822251e+01 2.260000000000000000e+02
1.797797797797798012e+02 4.602040793984411948e+01 2.430000000000000000e+02
1.799799799799799871e+02 -5.467862949510163162e+00 2.320000000000000000e+02
1.801801801801802014e+02 3.496366394791522225e+01 2.220000000000000000e+02
1.803803803803803874e+02 9.881624009965591426e+01 2.430000000000000000e+02
1.805805805805806017e+02 -2.394554581604224097e+01 2.410000000000000000e+02
1.807807807807807876e+02 -3.177329919312288098e+01 2.180000000000000000e+02
1.809809809809810019e+02 -8.231647257387464833e+01 2.180000000000000000e+02
1.811811811811811879e+02 1.616550094088111678e+01 2.100000000000000000e+02
1.813813813813814022e+02 7.654095080325049594e-01 2.030000000000000000e+02
1.815815815815815881e+02 -4.687858722145450230e+01 2.300000000000000000e+02
1.817817817817818025e+02 6.984376313362932365e+01 2.480000000000000000e+02
1.819819819819819884e+02 7.898023016111071115e+01 2.090000000000000000e+02
1.821821821821822027e+02 -7.621125934272450309e+01 2.200000000000000000e+02
1.823823823823823886e+02 1.809335249717072713e+01 2.050000000000000000e+02
1.825825825825826030e+02 -7.877871703925534064e+01 2.330000000000000000e+02
1.827827827827827889e+02 7.631751037828095718e+00 2.300000000000000000e+02
1.829829829829830032e+02 7.386592998873993565e+01 2.330000000000000000e+02
1.831831831831831892e+02 -7.765208778267552248e+01 2.100000000000000000e+02
1.833833833833834035e+02 -1.450880164667968586e+01 2.340000000000000000e+02
1.835835835835835894e+02 1.018190623226064417e+01 2.020000000000000000e+02
1.837837837837838038e+02 1.210313717353524510e+01 2.040000000000000000e+02
1.839839839839839897e+02 6.471765669166899215e+01 2.320000000000000000e+02
1.841841841841842040e+02 -5.135452343195851199e+00 2.400000000000000000e+02
1.843843843843843899e+02 -8.619998412584467928e+01 2.160000000000000000e+02
1.845845845845846043e+02 5.061766066916152340e+01 2.460000000000000000e+02
1.847847847847847902e+02 -8.353616787153194423e+01 2.070000000000000000e+02
1.849849849849850045e+02 -3.621207084222726280e+01 2.440000000000000000e+02
1.851851851851851904e+02 8.879142749457869854e+00 2.080000000000000000e+02
1.853853853853854048e+02 -9.989268866462653307e+01 2.020000000000000000e+02
1.855855855855855907e+02 -7.752942210754534358e+01 2.030000000000000000e+02
1.857857857857858050e+02 9.542053170103133652e+01 2.300000000000000000e+02
1.859859859859859910e+02 -7.311847931528274103e+01 2.480000000000000000e+02
1.861861861861862053e+02 4.770758518202791265e+01 2.480000000000000000e+02
1.863863863863863912e+02 -7.665811901064707001e+01 2.410000000000000000e+02
1.865865865865866056e+02 7.260466273010135296e+01 2.000000000000000000e+02
1.867867867867867915e+02 -5.726807084845686546e+01 2.410000000000000000e+02
1.869869869869870058e+02 4.429460021698844230e+00 2.400000000000000000e+02
1.871871871871871917e+02 -4.792684900557737393e+01 2.210000000000000000e+02
1.873873873873874061e+02 -8.875558058817485119e+01 2.080000000000000000e+02
1.875875875875875920e+02 3.010808659248493768e+01 2.170000000000000000e+02
1.877877877877878063e+02 -7.644041497578839994e+00 2.260000000000000000e+02
1.879879879879879923e+02 -4.681235152975607150e+01 2.270000000000000000e+02
1.881881881881882066e+02 5.773251822933181643e+01 2.390000000000000000e+02
1.883883883883883925e+02 -7.093909414439885097e+01 2.080000000000000000e+02
1.885885885885886069e+02 2.166106180959872063e+01 2.010000000000000000e+02
1.887887887887887928e+02 -9.509954276298103082e+00 2.240000000000000000e+02
1.889889889889890071e+02 5.133901043949532550e+01 2.420000000000000000e+02
1.891891891891891930e+02 4.751000658196792870e+01 2.160000000000000000e+02
1.893893893893894074e+02 -8.282722524400014663e+01 2.420000000000000000e+02
1.895895895895895933e+02 2.845619031368292440e+01 2.410000000000000000e+02
1.897897897897898076e+02 -3.851221894956906766e+01 2.450000000000000000e+02
1.899899899899899935e+02 -9.331292119142086960e+01 2.490000000000000000e+02
1.901901901901902079e+02 5.505154313232827690e+01 2.180000000000000000e+02
1.903903903903903938e+02 -6.784441998683372788e+01 2.070000000000000000e+02
1.905905905905906081e+02 8.873409279215493939e+00 2.170000000000000000e+02
1.907907907907907941e+02 -2.240021276076078038e+01 2.470000000000000000e+02
1.909909909909910084e+02 -7.323517433950341626e+01 2.270000000000000000e+02
1.911911911911911943e+02 9.664203965009377839e+01 2.150000000000000000e+02
1.913913913913914087e+02 -1.974120858879406626e+01 2.010000000000000000e+02
1.915915915915915946e+02 -6.365203479240248896e+01 2.020000000000000000e+02
1.917917917917918089e+02 6.920238653740850054e+01 2.150000000000000000e+02
1.919919919919919948e+02 -5.034801849384109573e+01 2.270000000000000000e+02
1.921921921921922092e+02 -1.644792444109785379e+01 2.200000000000000000e+02
1.923923923923923951e+02 1.901706640687805816e+00 2.150000000000000000e+02
1.925925925925926094e+02 1.352238670044630453e+01 2.480000000000000000e+02
1.927927927927927954e+02 -7.743355218478163238e+01 2.070000000000000000e+02
1.929929929929930097e+02 -8.196957025037431777e+01 2.340000000000000000e+02
1.931931931931931956e+02 4.856333456734412835e+01 2.110000000000000000e+02
1.933933933933934100e+02 4.332330634747796694e+01 2.010000000000000000e+02
1.935935935935935959e+02 6.777775800225728631e+01 2.330000000000000000e+02
1.937937937937938102e+02 -6.071547526464373590e+01 2.400000000000000000e+02
1.939939939939939961e+02 5.345499154394929064e+01 2.330000000000000000e+02
1.941941941941942105e+02 9.157256244514172749e+01 2.120000000000000000e+02
1.943943943943943964e+02 5.802577066716992249e+01 2.050000000000000000e+02
1.945945945945946107e+02 7.384220254970742303e+01 2.410000000000000000e+02
1.947947947947947966e+02 -2.208071110584965879e+01 2.090000000000000000e+02
1.949949949949950110e+02 2.572378180549054605e+01 2.260000000000000000e+02
1.951951951951951969e+02 -9.984173334196562166e+01 2.410000000000000000e+02
1.953953953953954112e+02 -2.511300460048349237e+01 2.370000000000000000e+02
1.955955955955955972e+02 4.041515235188478528e+01 2.090000000000000000e+02
1.957957957957958115e+02 -3.635507421875885115e+01 2.350000000000000000e+02
1.959959959959959974e+02 -2.899966081424598485e+01 2.110000000000000000e+02
1.961961961961962118e+02 9.487916118858800019e+01 2.080000000000000000e+02
1.963963963963963977e+02 -4.889926224096612373e+01 2.060000000000000000e+02
1.965965965965966120e+02 -5.895318343999711175e+01 2.370000000000000000e+02
1.967967967967967979e+02 7.665013229346300250e-01 2.300000000000000000e+02
1.969969969969970123e+02 -6.679560712039662462e+01 2.330000000000000000e+02
1.971971971971971982e+02 -4.640774654593753468e+01 2.470000000000000000e+02
1.973973973973974125e+02 6.578458221122573946e+00 2.400000000000000000e+02
1.975975975975975985e+02 2.433146465621207710e+01 2.160000000000000000e+02
1.977977977977978128e+02 7.986157698962404083e+01 2.150000000000000000e+02
1.979979979979979987e+02 -8.466239611025991962e+01 2.430000000000000000e+02
1.981981981981982130e+02 -1.002810547778356920e+01 2.060000000000000000e+02
1.983983983983983990e+02 4.148952675788029865e+01 2.120000000000000000e+02
1.985985985985986133e+02 9.628868348417276479e+01 2.280000000000000000e+02
1.987987987987987992e+02 3.462751479404971633e+01 2.410000000000000000e+02
1.989989989989990136e+02 3.059039449325408100e+01 2.030000000000000000e+02
1.991991991991991995e+02 8.459849932105717585e+01 2.250000000000000000e+02
1.993993993993994138e+02 2.626674715968984231e+01 2.410000000000000000e+02
1.995995995995995997e+02 6.959743026247923581e+01 2.220000000000000000e+02
1.997997997997998141e+02 -6.404504471636624885e+01 2.240000000000000000e+02
2.000000000000000000e+02 7.855247963839653380e+01 2.400000000000000000e+02
