-94.000 0.719
-93.900 0.720
-93.800 0.722
-93.700 0.724
-93.600 0.726
-93.500 0.728
-93.400 0.730
-93.300 0.732
-93.200 0.734
-93.100 0.736
-93.000 0.738
-92.900 0.740
-92.800 0.742
-92.700 0.744
-92.600 0.746
-92.500 0.747
-92.400 0.749
-92.300 0.751
-92.200 0.753
-92.100 0.755
-92.000 0.756
-91.900 0.758
-91.800 0.760
-91.700 0.761
-91.600 0.763
-91.500 0.764
-91.400 0.766
-91.300 0.767
-91.200 0.768
-91.100 0.770
-91.000 0.771
-90.900 0.772
-90.800 0.773
-90.700 0.774
-90.600 0.774
-90.500 0.775
-90.400 0.776
-90.300 0.777
-90.200 0.777
-90.100 0.778
-90.000 0.778
-89.900 0.778
-89.800 0.779
-89.700 0.779
-89.600 0.779
-89.500 0.779
-89.400 0.779
-89.300 0.779
-89.200 0.779
-89.100 0.779
-89.000 0.778
-88.900 0.778
-88.800 0.778
-88.700 0.777
-88.600 0.777
-88.500 0.776
-88.400 0.776
-88.300 0.775
-88.200 0.774
-88.100 0.774
-88.000 0.773
-87.900 0.772
-87.800 0.771
-87.700 0.770
-87.600 0.770
-87.500 0.769
-87.400 0.768
-87.300 0.767
-87.200 0.766
-87.100 0.765
-87.000 0.764
-86.900 0.763
-86.800 0.762
-86.700 0.761
-86.600 0.760
-86.500 0.759
-86.400 0.758
-86.300 0.757
-86.200 0.756
-86.100 0.755
-86.000 0.754
-85.900 0.752
-85.800 0.751
-85.700 0.750
-85.600 0.749
-85.500 0.748
-85.400 0.747
-85.300 0.746
-85.200 0.745
-85.100 0.744
-85.000 0.742
-84.900 0.741
-84.800 0.740
-84.700 0.739
-84.600 0.738
-84.500 0.736
-84.400 0.735
-84.300 0.734
-84.200 0.733
-84.100 0.731
-84.000 0.730
-83.900 0.729
-83.800 0.727
-83.700 0.726
-83.600 0.724
-83.500 0.723
-83.400 0.721
-83.300 0.720
-83.200 0.718
-83.100 0.716
-83.000 0.714
-82.900 0.713
-82.800 0.711
-82.700 0.709
-82.600 0.707
-82.500 0.705
-82.400 0.703
-82.300 0.701
-82.200 0.698
-82.100 0.696
-82.000 0.694
-81.900 0.691
-81.800 0.689
-81.700 0.686
-81.600 0.684
-81.500 0.681
-81.400 0.678
-81.300 0.675
-81.200 0.672
-81.100 0.669
-81.000 0.666
-80.900 0.663
-80.800 0.660
-80.700 0.657
-80.600 0.654
-80.500 0.650
-80.400 0.647
-80.300 0.643
-80.200 0.640
-80.100 0.636
-80.000 0.633
-79.900 0.629
-79.800 0.625
-79.700 0.621
-79.600 0.618
-79.500 0.614
-79.400 0.610
-79.300 0.606
-79.200 0.602
-79.100 0.598
-79.000 0.594
-78.900 0.590
-78.800 0.586
-78.700 0.582
-78.600 0.578
-78.500 0.574
-78.400 0.570
-78.300 0.566
-78.200 0.561
-78.100 0.557
-78.000 0.553
-77.900 0.549
-77.800 0.545
-77.700 0.541
-77.600 0.537
-77.500 0.533
-77.400 0.530
-77.300 0.526
-77.200 0.522
-77.100 0.518
-77.000 0.514
-76.900 0.511
-76.800 0.507
-76.700 0.503
-76.600 0.500
-76.500 0.496
-76.400 0.493
-76.300 0.489
-76.200 0.486
-76.100 0.483
-76.000 0.479
-75.900 0.476
-75.800 0.473
-75.700 0.470
-75.600 0.467
-75.500 0.464
-75.400 0.461
-75.300 0.458
-75.200 0.456
-75.100 0.453
-75.000 0.450
-74.900 0.448
-74.800 0.445
-74.700 0.442
-74.600 0.440
-74.500 0.437
-74.400 0.435
-74.300 0.433
-74.200 0.430
-74.100 0.428
-74.000 0.426
-73.900 0.424
-73.800 0.421
-73.700 0.419
-73.600 0.417
-73.500 0.415
-73.400 0.413
-73.300 0.411
-73.200 0.409
-73.100 0.407
-73.000 0.405
-72.900 0.402
-72.800 0.400
-72.700 0.398
-72.600 0.396
-72.500 0.394
-72.400 0.392
-72.300 0.390
-72.200 0.388
-72.100 0.385
-72.000 0.383
-71.900 0.381
-71.800 0.379
-71.700 0.377
-71.600 0.374
-71.500 0.372
-71.400 0.369
-71.300 0.367
-71.200 0.365
-71.100 0.362
-71.000 0.359
-70.900 0.357
-70.800 0.354
-70.700 0.352
-70.600 0.349
-70.500 0.346
-70.400 0.343
-70.300 0.340
-70.200 0.337
-70.100 0.334
-70.000 0.331
-69.900 0.328
-69.800 0.325
-69.700 0.322
-69.600 0.319
-69.500 0.316
-69.400 0.312
-69.300 0.309
-69.200 0.306
-69.100 0.302
-69.000 0.299
-68.900 0.295
-68.800 0.292
-68.700 0.288
-68.600 0.285
-68.500 0.281
-68.400 0.277
-68.300 0.274
-68.200 0.270
-68.100 0.266
-68.000 0.262
-67.900 0.259
-67.800 0.255
-67.700 0.251
-67.600 0.247
-67.500 0.243
-67.400 0.240
-67.300 0.236
-67.200 0.232
-67.100 0.228
-67.000 0.224
-66.900 0.220
-66.800 0.217
-66.700 0.213
-66.600 0.209
-66.500 0.205
-66.400 0.201
-66.300 0.197
-66.200 0.193
-66.100 0.190
-66.000 0.186
-65.900 0.182
-65.800 0.178
-65.700 0.174
-65.600 0.171
-65.500 0.167
-65.400 0.163
-65.300 0.159
-65.200 0.156
-65.100 0.152
-65.000 0.148
-64.900 0.145
-64.800 0.141
-64.700 0.137
-64.600 0.134
-64.500 0.130
-64.400 0.126
-64.300 0.123
-64.200 0.119
-64.100 0.116
-64.000 0.112
-63.900 0.108
-63.800 0.105
-63.700 0.101
-63.600 0.098
-63.500 0.094
-63.400 0.091
-63.300 0.087
-63.200 0.084
-63.100 0.080
-63.000 0.076
-62.900 0.073
-62.800 0.069
-62.700 0.066
-62.600 0.062
-62.500 0.059
-62.400 0.055
-62.300 0.052
-62.200 0.048
-62.100 0.045
-62.000 0.042
-61.900 0.038
-61.800 0.035
-61.700 0.031
-61.600 0.028
-61.500 0.024
-61.400 0.021
-61.300 0.017
-61.200 0.014
-61.100 0.011
-61.000 0.007
-60.900 0.004
-60.800 0.001
-60.700 -0.002
-60.600 -0.006
-60.500 -0.009
-60.400 -0.012
-60.300 -0.015
-60.200 -0.018
-60.100 -0.021
-60.000 -0.024
-59.900 -0.027
-59.800 -0.030
-59.700 -0.033
-59.600 -0.036
-59.500 -0.039
-59.400 -0.041
-59.300 -0.044
-59.200 -0.046
-59.100 -0.049
-59.000 -0.051
-58.900 -0.054
-58.800 -0.056
-58.700 -0.058
-58.600 -0.060
-58.500 -0.062
-58.400 -0.064
-58.300 -0.066
-58.200 -0.067
-58.100 -0.069
-58.000 -0.070
-57.900 -0.072
-57.800 -0.073
-57.700 -0.074
-57.600 -0.075
-57.500 -0.076
-57.400 -0.077
-57.300 -0.077
-57.200 -0.078
-57.100 -0.078
-57.000 -0.079
-56.900 -0.079
-56.800 -0.079
-56.700 -0.079
-56.600 -0.079
-56.500 -0.078
-56.400 -0.078
-56.300 -0.078
-56.200 -0.077
-56.100 -0.076
-56.000 -0.075
-55.900 -0.074
-55.800 -0.073
-55.700 -0.072
-55.600 -0.071
-55.500 -0.069
-55.400 -0.068
-55.300 -0.066
-55.200 -0.064
-55.100 -0.063
-55.000 -0.061
-54.900 -0.059
-54.800 -0.057
-54.700 -0.055
-54.600 -0.053
-54.500 -0.050
-54.400 -0.048
-54.300 -0.046
-54.200 -0.043
-54.100 -0.041
-54.000 -0.038
-53.900 -0.036
-53.800 -0.033
-53.700 -0.031
-53.600 -0.028
-53.500 -0.026
-53.400 -0.023
-53.300 -0.021
-53.200 -0.018
-53.100 -0.016
-53.000 -0.013
-52.900 -0.011
-52.800 -0.009
-52.700 -0.006
-52.600 -0.004
-52.500 -0.002
-52.400 0.000
-52.300 0.003
-52.200 0.005
-52.100 0.007
-52.000 0.008
-51.900 0.010
-51.800 0.012
-51.700 0.014
-51.600 0.015
-51.500 0.016
-51.400 0.018
-51.300 0.019
-51.200 0.020
-51.100 0.021
-51.000 0.022
-50.900 0.022
-50.800 0.023
-50.700 0.023
-50.600 0.024
-50.500 0.024
-50.400 0.024
-50.300 0.023
-50.200 0.023
-50.100 0.023
-50.000 0.022
-49.900 0.021
-49.800 0.021
-49.700 0.020
-49.600 0.018
-49.500 0.017
-49.400 0.016
-49.300 0.014
-49.200 0.013
-49.100 0.011
-49.000 0.009
-48.900 0.007
-48.800 0.004
-48.700 0.002
-48.600 -0.001
-48.500 -0.003
-48.400 -0.006
-48.300 -0.009
-48.200 -0.012
-48.100 -0.015
-48.000 -0.018
-47.900 -0.021
-47.800 -0.025
-47.700 -0.028
-47.600 -0.032
-47.500 -0.036
-47.400 -0.039
-47.300 -0.043
-47.200 -0.047
-47.100 -0.051
-47.000 -0.055
-46.900 -0.060
-46.800 -0.064
-46.700 -0.068
-46.600 -0.072
-46.500 -0.077
-46.400 -0.081
-46.300 -0.086
-46.200 -0.090
-46.100 -0.095
-46.000 -0.099
-45.900 -0.104
-45.800 -0.109
-45.700 -0.113
-45.600 -0.118
-45.500 -0.123
-45.400 -0.127
-45.300 -0.132
-45.200 -0.137
-45.100 -0.141
-45.000 -0.146
-44.900 -0.151
-44.800 -0.156
-44.700 -0.160
-44.600 -0.165
-44.500 -0.170
-44.400 -0.174
-44.300 -0.179
-44.200 -0.184
-44.100 -0.188
-44.000 -0.193
-43.900 -0.197
-43.800 -0.202
-43.700 -0.206
-43.600 -0.211
-43.500 -0.215
-43.400 -0.220
-43.300 -0.224
-43.200 -0.228
-43.100 -0.233
-43.000 -0.237
-42.900 -0.241
-42.800 -0.246
-42.700 -0.250
-42.600 -0.254
-42.500 -0.258
-42.400 -0.262
-42.300 -0.266
-42.200 -0.270
-42.100 -0.275
-42.000 -0.278
-41.900 -0.282
-41.800 -0.286
-41.700 -0.290
-41.600 -0.294
-41.500 -0.298
-41.400 -0.302
-41.300 -0.305
-41.200 -0.309
-41.100 -0.313
-41.000 -0.316
-40.900 -0.320
-40.800 -0.324
-40.700 -0.327
-40.600 -0.331
-40.500 -0.334
-40.400 -0.338
-40.300 -0.341
-40.200 -0.344
-40.100 -0.348
-40.000 -0.351
-39.900 -0.354
-39.800 -0.357
-39.700 -0.361
-39.600 -0.364
-39.500 -0.367
-39.400 -0.370
-39.300 -0.373
-39.200 -0.376
-39.100 -0.379
-39.000 -0.382
-38.900 -0.384
-38.800 -0.387
-38.700 -0.390
-38.600 -0.393
-38.500 -0.395
-38.400 -0.398
-38.300 -0.401
-38.200 -0.403
-38.100 -0.406
-38.000 -0.408
-37.900 -0.410
-37.800 -0.413
-37.700 -0.415
-37.600 -0.417
-37.500 -0.419
-37.400 -0.421
-37.300 -0.423
-37.200 -0.425
-37.100 -0.427
-37.000 -0.429
-36.900 -0.431
-36.800 -0.433
-36.700 -0.435
-36.600 -0.436
-36.500 -0.438
-36.400 -0.440
-36.300 -0.441
-36.200 -0.442
-36.100 -0.444
-36.000 -0.445
-35.900 -0.447
-35.800 -0.448
-35.700 -0.449
-35.600 -0.450
-35.500 -0.451
-35.400 -0.452
-35.300 -0.453
-35.200 -0.454
-35.100 -0.455
-35.000 -0.456
-34.900 -0.457
-34.800 -0.457
-34.700 -0.458
-34.600 -0.459
-34.500 -0.459
-34.400 -0.460
-34.300 -0.461
-34.200 -0.461
-34.100 -0.462
-34.000 -0.462
-33.900 -0.462
-33.800 -0.463
-33.700 -0.463
-33.600 -0.463
-33.500 -0.464
-33.400 -0.464
-33.300 -0.464
-33.200 -0.464
-33.100 -0.465
-33.000 -0.465
-32.900 -0.465
-32.800 -0.465
-32.700 -0.465
-32.600 -0.465
-32.500 -0.465
-32.400 -0.465
-32.300 -0.465
-32.200 -0.465
-32.100 -0.465
-32.000 -0.465
-31.900 -0.465
-31.800 -0.465
-31.700 -0.465
-31.600 -0.465
-31.500 -0.464
-31.400 -0.464
-31.300 -0.464
-31.200 -0.464
-31.100 -0.464
-31.000 -0.463
-30.900 -0.463
-30.800 -0.463
-30.700 -0.463
-30.600 -0.462
-30.500 -0.462
-30.400 -0.461
-30.300 -0.461
-30.200 -0.461
-30.100 -0.460
-30.000 -0.460
-29.900 -0.459
-29.800 -0.459
-29.700 -0.458
-29.600 -0.458
-29.500 -0.457
-29.400 -0.456
-29.300 -0.455
-29.200 -0.455
-29.100 -0.454
-29.000 -0.453
-28.900 -0.452
-28.800 -0.451
-28.700 -0.450
-28.600 -0.449
-28.500 -0.448
-28.400 -0.447
-28.300 -0.446
-28.200 -0.445
-28.100 -0.444
-28.000 -0.442
-27.900 -0.441
-27.800 -0.439
-27.700 -0.438
-27.600 -0.436
-27.500 -0.435
-27.400 -0.433
-27.300 -0.431
-27.200 -0.430
-27.100 -0.428
-27.000 -0.426
-26.900 -0.424
-26.800 -0.422
-26.700 -0.420
-26.600 -0.418
-26.500 -0.416
-26.400 -0.413
-26.300 -0.411
-26.200 -0.409
-26.100 -0.407
-26.000 -0.404
-25.900 -0.402
-25.800 -0.399
-25.700 -0.397
-25.600 -0.394
-25.500 -0.391
-25.400 -0.389
-25.300 -0.386
-25.200 -0.383
-25.100 -0.381
-25.000 -0.378
-24.900 -0.375
-24.800 -0.372
-24.700 -0.369
-24.600 -0.367
-24.500 -0.364
-24.400 -0.361
-24.300 -0.358
-24.200 -0.355
-24.100 -0.352
-24.000 -0.349
-23.900 -0.347
-23.800 -0.344
-23.700 -0.341
-23.600 -0.338
-23.500 -0.335
-23.400 -0.333
-23.300 -0.330
-23.200 -0.327
-23.100 -0.325
-23.000 -0.322
-22.900 -0.319
-22.800 -0.317
-22.700 -0.314
-22.600 -0.312
-22.500 -0.310
-22.400 -0.307
-22.300 -0.305
-22.200 -0.303
-22.100 -0.301
-22.000 -0.299
-21.900 -0.297
-21.800 -0.295
-21.700 -0.293
-21.600 -0.291
-21.500 -0.290
-21.400 -0.288
-21.300 -0.287
-21.200 -0.285
-21.100 -0.284
-21.000 -0.282
-20.900 -0.281
-20.800 -0.280
-20.700 -0.279
-20.600 -0.278
-20.500 -0.277
-20.400 -0.276
-20.300 -0.276
-20.200 -0.275
-20.100 -0.274
-20.000 -0.274
-19.900 -0.273
-19.800 -0.273
-19.700 -0.272
-19.600 -0.272
-19.500 -0.272
-19.400 -0.272
-19.300 -0.272
-19.200 -0.272
-19.100 -0.272
-19.000 -0.272
-18.900 -0.272
-18.800 -0.272
-18.700 -0.272
-18.600 -0.273
-18.500 -0.273
-18.400 -0.273
-18.300 -0.274
-18.200 -0.274
-18.100 -0.274
-18.000 -0.275
-17.900 -0.275
-17.800 -0.276
-17.700 -0.276
-17.600 -0.277
-17.500 -0.277
-17.400 -0.278
-17.300 -0.278
-17.200 -0.279
-17.100 -0.279
-17.000 -0.280
-16.900 -0.280
-16.800 -0.281
-16.700 -0.281
-16.600 -0.282
-16.500 -0.282
-16.400 -0.283
-16.300 -0.283
-16.200 -0.283
-16.100 -0.284
-16.000 -0.284
-15.900 -0.285
-15.800 -0.285
-15.700 -0.285
-15.600 -0.286
-15.500 -0.286
-15.400 -0.286
-15.300 -0.286
-15.200 -0.287
-15.100 -0.287
-15.000 -0.287
-14.900 -0.287
-14.800 -0.287
-14.700 -0.287
-14.600 -0.287
-14.500 -0.288
-14.400 -0.288
-14.300 -0.288
-14.200 -0.288
-14.100 -0.288
-14.000 -0.288
-13.900 -0.288
-13.800 -0.288
-13.700 -0.288
-13.600 -0.288
-13.500 -0.288
-13.400 -0.288
-13.300 -0.288
-13.200 -0.288
-13.100 -0.289
-13.000 -0.289
-12.900 -0.289
-12.800 -0.289
-12.700 -0.289
-12.600 -0.290
-12.500 -0.290
-12.400 -0.290
-12.300 -0.290
-12.200 -0.291
-12.100 -0.291
-12.000 -0.292
-11.900 -0.292
-11.800 -0.293
-11.700 -0.294
-11.600 -0.294
-11.500 -0.295
-11.400 -0.296
-11.300 -0.297
-11.200 -0.298
-11.100 -0.299
-11.000 -0.300
-10.900 -0.301
-10.800 -0.302
-10.700 -0.304
-10.600 -0.305
-10.500 -0.306
-10.400 -0.308
-10.300 -0.309
-10.200 -0.311
-10.100 -0.313
-10.000 -0.315
-9.900 -0.316
-9.800 -0.318
-9.700 -0.320
-9.600 -0.322
-9.500 -0.324
-9.400 -0.327
-9.300 -0.329
-9.200 -0.331
-9.100 -0.333
-9.000 -0.336
-8.900 -0.338
-8.800 -0.341
-8.700 -0.343
-8.600 -0.346
-8.500 -0.348
-8.400 -0.351
-8.300 -0.354
-8.200 -0.357
-8.100 -0.359
-8.000 -0.362
-7.900 -0.365
-7.800 -0.368
-7.700 -0.371
-7.600 -0.373
-7.500 -0.376
-7.400 -0.379
-7.300 -0.382
-7.200 -0.385
-7.100 -0.388
-7.000 -0.390
-6.900 -0.393
-6.800 -0.396
-6.700 -0.399
-6.600 -0.402
-6.500 -0.404
-6.400 -0.407
-6.300 -0.410
-6.200 -0.412
-6.100 -0.415
-6.000 -0.417
-5.900 -0.420
-5.800 -0.422
-5.700 -0.425
-5.600 -0.427
-5.500 -0.429
-5.400 -0.431
-5.300 -0.433
-5.200 -0.435
-5.100 -0.437
-5.000 -0.439
-4.900 -0.441
-4.800 -0.443
-4.700 -0.445
-4.600 -0.446
-4.500 -0.448
-4.400 -0.449
-4.300 -0.450
-4.200 -0.451
-4.100 -0.453
-4.000 -0.454
-3.900 -0.455
-3.800 -0.455
-3.700 -0.456
-3.600 -0.457
-3.500 -0.457
-3.400 -0.458
-3.300 -0.458
-3.200 -0.459
-3.100 -0.459
-3.000 -0.459
-2.900 -0.459
-2.800 -0.459
-2.700 -0.459
-2.600 -0.459
-2.500 -0.458
-2.400 -0.458
-2.300 -0.457
-2.200 -0.457
-2.100 -0.456
-2.000 -0.455
-1.900 -0.455
-1.800 -0.454
-1.700 -0.453
-1.600 -0.452
-1.500 -0.451
-1.400 -0.450
-1.300 -0.448
-1.200 -0.447
-1.100 -0.446
-1.000 -0.444
-0.900 -0.443
-0.800 -0.442
-0.700 -0.440
-0.600 -0.438
-0.500 -0.437
-0.400 -0.435
-0.300 -0.433
-0.200 -0.432
-0.100 -0.430
0.000 -0.428
0.100 -0.426
0.200 -0.424
0.300 -0.422
0.400 -0.420
0.500 -0.418
0.600 -0.416
0.700 -0.414
0.800 -0.412
0.900 -0.410
1.000 -0.408
1.100 -0.406
1.200 -0.404
1.300 -0.402
1.400 -0.400
1.500 -0.398
1.600 -0.396
1.700 -0.394
1.800 -0.392
1.900 -0.390
2.000 -0.388
2.100 -0.386
2.200 -0.384
2.300 -0.382
2.400 -0.380
2.500 -0.378
2.600 -0.376
2.700 -0.374
2.800 -0.372
2.900 -0.370
3.000 -0.368
3.100 -0.367
3.200 -0.365
3.300 -0.363
3.400 -0.361
3.500 -0.360
3.600 -0.358
3.700 -0.356
3.800 -0.355
3.900 -0.353
4.000 -0.352
4.100 -0.350
4.200 -0.349
4.300 -0.348
4.400 -0.346
4.500 -0.345
4.600 -0.344
4.700 -0.343
4.800 -0.341
4.900 -0.340
5.000 -0.339
5.100 -0.338
5.200 -0.337
5.300 -0.336
5.400 -0.336
5.500 -0.335
5.600 -0.334
5.700 -0.333
5.800 -0.333
5.900 -0.332
6.000 -0.332
6.100 -0.331
6.200 -0.331
6.300 -0.330
6.400 -0.330
6.500 -0.330
6.600 -0.329
6.700 -0.329
6.800 -0.329
6.900 -0.329
7.000 -0.329
7.100 -0.329
7.200 -0.329
7.300 -0.329
7.400 -0.329
7.500 -0.330
7.600 -0.330
7.700 -0.330
7.800 -0.331
7.900 -0.331
8.000 -0.332
8.100 -0.332
8.200 -0.333
8.300 -0.333
8.400 -0.334
8.500 -0.335
8.600 -0.335
8.700 -0.336
8.800 -0.337
8.900 -0.338
9.000 -0.339
9.100 -0.340
9.200 -0.340
9.300 -0.341
9.400 -0.342
9.500 -0.343
9.600 -0.345
9.700 -0.346
9.800 -0.347
9.900 -0.348
10.000 -0.349
10.100 -0.350
10.200 -0.351
10.300 -0.352
10.400 -0.354
10.500 -0.355
10.600 -0.356
10.700 -0.357
10.800 -0.359
10.900 -0.360
11.000 -0.361
11.100 -0.362
11.200 -0.364
11.300 -0.365
11.400 -0.366
11.500 -0.367
11.600 -0.369
11.700 -0.370
11.800 -0.371
11.900 -0.372
12.000 -0.373
12.100 -0.375
12.200 -0.376
12.300 -0.377
12.400 -0.378
12.500 -0.379
12.600 -0.381
12.700 -0.382
12.800 -0.383
12.900 -0.384
13.000 -0.385
13.100 -0.386
13.200 -0.387
13.300 -0.388
13.400 -0.389
13.500 -0.390
13.600 -0.391
13.700 -0.392
13.800 -0.393
13.900 -0.394
14.000 -0.395
14.100 -0.395
14.200 -0.396
14.300 -0.397
14.400 -0.398
14.500 -0.399
14.600 -0.400
14.700 -0.400
14.800 -0.401
14.900 -0.402
15.000 -0.402
15.100 -0.403
15.200 -0.404
15.300 -0.404
15.400 -0.405
15.500 -0.406
15.600 -0.406
15.700 -0.407
15.800 -0.407
15.900 -0.408
16.000 -0.409
16.100 -0.409
16.200 -0.410
16.300 -0.410
16.400 -0.411
16.500 -0.411
16.600 -0.412
16.700 -0.412
16.800 -0.413
16.900 -0.413
17.000 -0.414
17.100 -0.414
17.200 -0.415
17.300 -0.415
17.400 -0.416
17.500 -0.416
17.600 -0.416
17.700 -0.417
17.800 -0.417
17.900 -0.418
18.000 -0.418
18.100 -0.418
18.200 -0.419
18.300 -0.419
18.400 -0.420
18.500 -0.420
18.600 -0.420
18.700 -0.421
18.800 -0.421
18.900 -0.421
19.000 -0.421
19.100 -0.422
19.200 -0.422
19.300 -0.422
19.400 -0.422
19.500 -0.423
19.600 -0.423
19.700 -0.423
19.800 -0.423
19.900 -0.423
20.000 -0.423
20.100 -0.423
20.200 -0.423
20.300 -0.423
20.400 -0.423
20.500 -0.423
20.600 -0.423
20.700 -0.423
20.800 -0.423
20.900 -0.423
21.000 -0.422
21.100 -0.422
21.200 -0.422
21.300 -0.422
21.400 -0.421
21.500 -0.421
21.600 -0.420
21.700 -0.420
21.800 -0.419
21.900 -0.418
22.000 -0.418
22.100 -0.417
22.200 -0.416
22.300 -0.415
22.400 -0.415
22.500 -0.414
22.600 -0.413
22.700 -0.412
22.800 -0.411
22.900 -0.409
23.000 -0.408
23.100 -0.407
23.200 -0.406
23.300 -0.404
23.400 -0.403
23.500 -0.401
23.600 -0.400
23.700 -0.398
23.800 -0.397
23.900 -0.395
24.000 -0.393
24.100 -0.392
24.200 -0.390
24.300 -0.388
24.400 -0.386
24.500 -0.384
24.600 -0.382
24.700 -0.380
24.800 -0.378
24.900 -0.376
25.000 -0.374
25.100 -0.372
25.200 -0.370
25.300 -0.368
25.400 -0.365
25.500 -0.363
25.600 -0.361
25.700 -0.358
25.800 -0.356
25.900 -0.354
26.000 -0.351
26.100 -0.349
26.200 -0.347
26.300 -0.344
26.400 -0.342
26.500 -0.339
26.600 -0.337
26.700 -0.334
26.800 -0.332
26.900 -0.329
27.000 -0.327
27.100 -0.325
27.200 -0.322
27.300 -0.320
27.400 -0.317
27.500 -0.315
27.600 -0.312
27.700 -0.310
27.800 -0.308
27.900 -0.305
28.000 -0.303
28.100 -0.301
28.200 -0.298
28.300 -0.296
28.400 -0.294
28.500 -0.292
28.600 -0.289
28.700 -0.287
28.800 -0.285
28.900 -0.283
29.000 -0.281
29.100 -0.279
29.200 -0.277
29.300 -0.275
29.400 -0.273
29.500 -0.271
29.600 -0.269
29.700 -0.267
29.800 -0.265
29.900 -0.263
30.000 -0.262
30.100 -0.260
30.200 -0.258
30.300 -0.257
30.400 -0.255
30.500 -0.253
30.600 -0.252
30.700 -0.250
30.800 -0.249
30.900 -0.247
31.000 -0.246
31.100 -0.244
31.200 -0.243
31.300 -0.242
31.400 -0.240
31.500 -0.239
31.600 -0.238
31.700 -0.237
31.800 -0.236
31.900 -0.235
32.000 -0.233
32.100 -0.232
32.200 -0.231
32.300 -0.230
32.400 -0.229
32.500 -0.229
32.600 -0.228
32.700 -0.227
32.800 -0.226
32.900 -0.225
33.000 -0.224
33.100 -0.224
33.200 -0.223
33.300 -0.222
33.400 -0.221
33.500 -0.221
33.600 -0.220
33.700 -0.220
33.800 -0.219
33.900 -0.218
34.000 -0.218
34.100 -0.217
34.200 -0.217
34.300 -0.216
34.400 -0.216
34.500 -0.216
34.600 -0.215
34.700 -0.215
34.800 -0.214
34.900 -0.214
35.000 -0.214
35.100 -0.213
35.200 -0.213
35.300 -0.213
35.400 -0.213
35.500 -0.212
35.600 -0.212
35.700 -0.212
35.800 -0.212
35.900 -0.211
36.000 -0.211
36.100 -0.211
36.200 -0.211
36.300 -0.211
36.400 -0.210
36.500 -0.210
36.600 -0.210
36.700 -0.210
36.800 -0.210
36.900 -0.210
37.000 -0.209
37.100 -0.209
37.200 -0.209
37.300 -0.209
37.400 -0.209
37.500 -0.209
37.600 -0.208
37.700 -0.208
37.800 -0.208
37.900 -0.208
38.000 -0.207
38.100 -0.207
38.200 -0.207
38.300 -0.207
38.400 -0.206
38.500 -0.206
38.600 -0.206
38.700 -0.205
38.800 -0.205
38.900 -0.204
39.000 -0.204
39.100 -0.204
39.200 -0.203
39.300 -0.203
39.400 -0.202
39.500 -0.201
39.600 -0.201
39.700 -0.200
39.800 -0.199
39.900 -0.199
40.000 -0.198
40.100 -0.197
40.200 -0.196
40.300 -0.196
40.400 -0.195
40.500 -0.194
40.600 -0.193
40.700 -0.192
40.800 -0.191
40.900 -0.190
41.000 -0.189
41.100 -0.188
41.200 -0.186
41.300 -0.185
41.400 -0.184
41.500 -0.183
41.600 -0.182
41.700 -0.180
41.800 -0.179
41.900 -0.178
42.000 -0.177
42.100 -0.175
42.200 -0.174
42.300 -0.173
42.400 -0.171
42.500 -0.170
42.600 -0.169
42.700 -0.167
42.800 -0.166
42.900 -0.165
43.000 -0.163
43.100 -0.162
43.200 -0.160
43.300 -0.159
43.400 -0.158
43.500 -0.157
43.600 -0.155
43.700 -0.154
43.800 -0.153
43.900 -0.152
44.000 -0.151
44.100 -0.150
44.200 -0.149
44.300 -0.148
44.400 -0.147
44.500 -0.146
44.600 -0.145
44.700 -0.144
44.800 -0.143
44.900 -0.143
45.000 -0.142
45.100 -0.141
45.200 -0.141
45.300 -0.140
45.400 -0.140
45.500 -0.140
45.600 -0.140
45.700 -0.139
45.800 -0.139
45.900 -0.139
46.000 -0.139
46.100 -0.140
46.200 -0.140
46.300 -0.140
46.400 -0.140
46.500 -0.141
46.600 -0.141
46.700 -0.142
46.800 -0.143
46.900 -0.143
47.000 -0.144
47.100 -0.145
47.200 -0.146
47.300 -0.147
47.400 -0.148
47.500 -0.149
47.600 -0.150
47.700 -0.151
47.800 -0.153
47.900 -0.154
48.000 -0.155
48.100 -0.157
48.200 -0.158
48.300 -0.160
48.400 -0.161
48.500 -0.163
48.600 -0.164
48.700 -0.166
48.800 -0.167
48.900 -0.169
49.000 -0.170
49.100 -0.172
49.200 -0.173
49.300 -0.175
49.400 -0.176
49.500 -0.177
49.600 -0.179
49.700 -0.180
49.800 -0.182
49.900 -0.183
50.000 -0.184
50.100 -0.185
50.200 -0.186
50.300 -0.187
50.400 -0.188
50.500 -0.189
50.600 -0.190
50.700 -0.190
50.800 -0.191
50.900 -0.191
51.000 -0.192
51.100 -0.192
51.200 -0.192
51.300 -0.192
51.400 -0.192
51.500 -0.192
51.600 -0.191
51.700 -0.191
51.800 -0.190
51.900 -0.189
52.000 -0.188
52.100 -0.187
52.200 -0.186
52.300 -0.185
52.400 -0.183
52.500 -0.182
52.600 -0.180
52.700 -0.178
52.800 -0.176
52.900 -0.174
53.000 -0.171
53.100 -0.169
53.200 -0.166
53.300 -0.163
53.400 -0.160
53.500 -0.157
53.600 -0.154
53.700 -0.151
53.800 -0.147
53.900 -0.144
54.000 -0.140
54.100 -0.136
54.200 -0.132
54.300 -0.128
54.400 -0.124
54.500 -0.119
54.600 -0.115
54.700 -0.110
54.800 -0.106
54.900 -0.101
55.000 -0.096
55.100 -0.091
55.200 -0.086
55.300 -0.081
55.400 -0.076
55.500 -0.071
55.600 -0.065
55.700 -0.060
55.800 -0.055
55.900 -0.049
56.000 -0.044
56.100 -0.038
56.200 -0.033
56.300 -0.027
56.400 -0.022
56.500 -0.016
56.600 -0.010
56.700 -0.005
56.800 0.001
56.900 0.006
57.000 0.012
57.100 0.018
57.200 0.023
57.300 0.029
57.400 0.034
57.500 0.040
57.600 0.045
57.700 0.050
57.800 0.056
57.900 0.061
58.000 0.066
58.100 0.072
58.200 0.077
58.300 0.082
58.400 0.087
58.500 0.092
58.600 0.097
58.700 0.102
58.800 0.106
58.900 0.111
59.000 0.116
59.100 0.120
59.200 0.125
59.300 0.129
59.400 0.134
59.500 0.138
59.600 0.142
59.700 0.146
59.800 0.151
59.900 0.155
60.000 0.159
60.100 0.162
60.200 0.166
60.300 0.170
60.400 0.174
60.500 0.177
60.600 0.181
60.700 0.184
60.800 0.188
60.900 0.191
61.000 0.194
61.100 0.197
61.200 0.201
61.300 0.204
61.400 0.207
61.500 0.210
61.600 0.212
61.700 0.215
61.800 0.218
61.900 0.221
62.000 0.223
62.100 0.226
62.200 0.229
62.300 0.231
62.400 0.234
62.500 0.236
62.600 0.238
62.700 0.241
62.800 0.243
62.900 0.245
63.000 0.247
63.100 0.249
63.200 0.251
63.300 0.253
63.400 0.255
63.500 0.257
63.600 0.259
63.700 0.261
63.800 0.262
63.900 0.264
64.000 0.266
64.100 0.267
64.200 0.269
64.300 0.270
64.400 0.272
64.500 0.273
64.600 0.274
64.700 0.275
64.800 0.276
64.900 0.278
65.000 0.279
65.100 0.279
65.200 0.280
65.300 0.281
65.400 0.282
65.500 0.282
65.600 0.283
65.700 0.284
65.800 0.284
65.900 0.284
66.000 0.285
66.100 0.285
66.200 0.285
66.300 0.285
66.400 0.285
66.500 0.285
66.600 0.285
66.700 0.285
66.800 0.284
66.900 0.284
67.000 0.283
67.100 0.283
67.200 0.282
67.300 0.281
67.400 0.281
67.500 0.280
67.600 0.279
67.700 0.278
67.800 0.277
67.900 0.276
68.000 0.275
68.100 0.273
68.200 0.272
68.300 0.271
68.400 0.269
68.500 0.268
68.600 0.266
68.700 0.265
68.800 0.263
68.900 0.261
69.000 0.260
69.100 0.258
69.200 0.256
69.300 0.254
69.400 0.253
69.500 0.251
69.600 0.249
69.700 0.247
69.800 0.245
69.900 0.244
70.000 0.242
70.100 0.240
70.200 0.238
70.300 0.236
70.400 0.235
70.500 0.233
70.600 0.231
70.700 0.230
70.800 0.228
70.900 0.226
71.000 0.225
71.100 0.223
71.200 0.222
71.300 0.221
71.400 0.219
71.500 0.218
71.600 0.217
71.700 0.216
71.800 0.215
71.900 0.214
72.000 0.214
72.100 0.213
72.200 0.212
72.300 0.212
72.400 0.211
72.500 0.211
72.600 0.211
72.700 0.211
72.800 0.211
72.900 0.211
73.000 0.211
73.100 0.212
73.200 0.212
73.300 0.213
73.400 0.214
73.500 0.215
73.600 0.216
73.700 0.217
73.800 0.218
73.900 0.219
74.000 0.221
74.100 0.222
74.200 0.224
74.300 0.226
74.400 0.228
74.500 0.230
74.600 0.232
74.700 0.234
74.800 0.236
74.900 0.239
75.000 0.241
75.100 0.244
75.200 0.247
75.300 0.250
75.400 0.253
75.500 0.256
75.600 0.259
75.700 0.262
75.800 0.265
75.900 0.268
76.000 0.272
76.100 0.275
76.200 0.279
76.300 0.283
76.400 0.286
76.500 0.290
76.600 0.294
76.700 0.298
76.800 0.302
76.900 0.306
77.000 0.310
77.100 0.314
77.200 0.318
77.300 0.322
77.400 0.326
77.500 0.330
77.600 0.335
77.700 0.339
77.800 0.343
77.900 0.347
78.000 0.352
78.100 0.356
78.200 0.361
78.300 0.365
78.400 0.370
78.500 0.374
78.600 0.378
78.700 0.383
78.800 0.387
78.900 0.392
79.000 0.397
79.100 0.401
79.200 0.406
79.300 0.410
79.400 0.415
79.500 0.419
79.600 0.424
79.700 0.429
79.800 0.433
79.900 0.438
80.000 0.443
80.100 0.447
80.200 0.452
80.300 0.457
80.400 0.461
80.500 0.466
80.600 0.471
80.700 0.476
80.800 0.480
80.900 0.485
81.000 0.490
81.100 0.495
81.200 0.500
81.300 0.505
81.400 0.509
81.500 0.514
81.600 0.519
81.700 0.524
81.800 0.529
81.900 0.534
82.000 0.539
82.100 0.544
82.200 0.549
82.300 0.554
82.400 0.559
82.500 0.564
82.600 0.569
82.700 0.574
82.800 0.579
82.900 0.584
83.000 0.589
83.100 0.594
83.200 0.599
83.300 0.604
83.400 0.609
83.500 0.613
83.600 0.618
83.700 0.623
83.800 0.628
83.900 0.633
84.000 0.638
84.100 0.642
84.200 0.647
84.300 0.652
84.400 0.656
84.500 0.661
84.600 0.665
84.700 0.670
84.800 0.674
84.900 0.679
85.000 0.683
85.100 0.687
85.200 0.691
85.300 0.695
85.400 0.699
85.500 0.703
85.600 0.707
85.700 0.710
85.800 0.714
85.900 0.717
86.000 0.720
86.100 0.724
86.200 0.727
86.300 0.730
86.400 0.732
86.500 0.735
86.600 0.738
86.700 0.740
86.800 0.742
86.900 0.745
87.000 0.747
87.100 0.749
87.200 0.750
87.300 0.752
87.400 0.753
87.500 0.755
87.600 0.756
87.700 0.757
87.800 0.758
87.900 0.759
88.000 0.759
88.100 0.760
88.200 0.760
88.300 0.760
88.400 0.761
88.500 0.761
88.600 0.760
88.700 0.760
88.800 0.760
88.900 0.759
89.000 0.759
89.100 0.758
89.200 0.757
89.300 0.756
89.400 0.755
89.500 0.754
89.600 0.753
89.700 0.751
89.800 0.750
89.900 0.748
90.000 0.747
90.100 0.745
90.200 0.744
90.300 0.742
90.400 0.740
90.500 0.739
90.600 0.737
90.700 0.735
90.800 0.733
90.900 0.731
91.000 0.729
91.100 0.728
91.200 0.726
91.300 0.724
91.400 0.722
91.500 0.720
91.600 0.718
91.700 0.717
91.800 0.715
91.900 0.713
92.000 0.712
92.100 0.710
92.200 0.709
92.300 0.707
92.400 0.706
92.500 0.705
92.600 0.704
92.700 0.702
92.800 0.701
92.900 0.701
93.000 0.700
93.100 0.699
93.200 0.698
93.300 0.698
93.400 0.697
93.500 0.697
93.600 0.697
93.700 0.696
93.800 0.696
93.900 0.696
94.000 0.697
94.100 0.697
94.200 0.697
94.300 0.698
94.400 0.698
94.500 0.699
94.600 0.700
94.700 0.701
94.800 0.701
94.900 0.702
95.000 0.704
95.100 0.705
95.200 0.706
95.300 0.707
95.400 0.709
95.500 0.710
95.600 0.712
95.700 0.713
95.800 0.715
95.900 0.717
